     1	4 2
     2	5 2
     3	6 2
     4	1000 1000
     5	1000 1
     6	999 127
     7	606 594
     8	945 936
     9	500 128
    10	500 249
    11	1000 489
    12	280 259
    13	5 1
    14	342 320
    15	500 500
    16	999 512
    17	659 587
    18	310 280
    19	1000 127
    20	301 230
    21	1000 255
    22	378 288
    23	951 758
    24	999 1
    25	490 395
    26	999 303
    27	3 1
    28	500 162
    29	500 2
    30	999 496
    31	627 625
    32	739 736
    33	313 286
    34	458 365
    35	1 1
    36	545 438
    37	935 811
    38	999 255
    39	1000 500
    40	500 88
    41	500 255
    42	500 244
    43	999 497
    44	999 498
    45	1000 441
    46	1000 512
    47	999 998
    48	744 599
    49	558 437
    50	1000 256
    51	1000 999
    52	500 251
    53	621 471
    54	999 2
    55	4 1
    56	612 506
    57	364 351
    58	999 128
    59	903 700
    60	880 770
    61	1000 499
    62	427 395
    63	532 522
    64	500 1
    65	500 127
    66	493 432
    67	999 487
    68	875 695
    69	294 272
    70	736 675
    71	1000 488
    72	1000 492
    73	500 116
    74	500 250
    75	964 952
    76	517 473
    77	999 256
    78	999 511
    79	1000 128
    80	999 499
    81	999 999
    82	500 248
    83	499 396
    84	367 344
    85	1000 498
    86	999 488
    87	500 499
    88	712 630
    89	3 2
    90	500 245
    91	1000 2
    92	2 1
    93	500 117
    94	1000 511
    95	577 476
    96	2 2
    97	503 454
    98	500 256
    99	459 349
   100	430 416
