1 1
2 2
3 3
4 4
5 5
6 6
7 7
8 8
9 9
10 190
11 209
12 48
13 247
14 266
15 195
16 448
17 476
18 198
19 874
20 3980
21 399
22 2398
23 1679
24 888
25 4975
26 1898
27 999
28 7588
29 4988
30 39990
31 8959
32 17888
33 42999
34 28798
35 57995
36 29988
37 37999
38 59888
39 49998
40 699880
41 177899
42 88998
43 99889
44 479996
45 499995
46 589996
47 686999
48 699888
49 788998
50 9999950
51 889899
52 1989988
53 2989889
54 1999998
55 60989995
56 7979888
57 5899899
58 8988898
59 8888999
60 79999980
61 9998998
62 19999898
63 19899999
64 59989888
65 69999995
66 67999998
67 58999999
68 99899888
69 79899999
70 898999990
