100
1 2
10
00
5 5
00110 01010 11111 11100 01011
10001 10010 01000 00100 00101
3 4
0000 1000 0101
1001 1111 0100
10 10
1111111000 0110110010 1001001001 1110101111 0000010110 0000011101 0110000001 0001101111 1111000110 1001110000
1001011101 1001100100 1111010010 1110111011 0000001001 0001111011 0000000010 0110010101 1111101100 0110100110
10 9
101100100 111011001 110000001 100011011 111110100 101110010 101000001 110001100 110010010 001110110
000100111 010111111 010001100 011100101 110001000 010011010 001110010 001111111 000001010 001101100
10 10
0011111110 0100010001 0111110011 1010001101 1110010110 0001101011 1100101010 1100011101 1001000000 0011100100
1100100100 1011010001 0011011101 0011101010 0001010110 1100111110 0110000000 1110101011 1000110011 0101001101
2 9
011111001 000001100
100111101 111110000
1 6
100000
111001
3 3
110 010 101
010 011 110
2 2
00 01
01 00
10 10
1101000111 1010111111 1100100000 1011110111 0110011000 0100000011 0011101100 0101110010 1011001000 0000011101
1001111101 0101011010 0100101101 1010010111 0011000101 0010100010 0100010010 1011100110 1111111000 1100001001
10 10
0001101111 1100110111 1111101010 1001000100 0000011100 0000001001 0110100010 0111011101 1111110001 1010010010
1101011111 0110100010 1110001001 0111010001 1011111010 1000111100 1000100111 0001101111 0000010000 0111000100
10 5
11001 11000 11100 10101 11101 01100 01111 01110 01000 10001
10001 10110 01011 10010 01111 00010 00011 10000 00110 00111
10 8
10010110 11000110 01001010 11001001 10111011 10001000 10001111 00100111 10101000 11100010
01111010 01000001 00111010 01000011 10000100 00010011 01100100 10110011 11111001 10100110
10 10
1001111011 0111110000 1011110110 1000001101 0100000111 1110010001 0000111110 0011001100 1101001011 0110100000
1101101000 0110000011 1011110110 1000000100 0010110011 0000111110 1100111000 0011000101 0101011001 1111001111
10 7
0000100 0001000 0101100 0100100 1111010 0001001 1111001 0011000 1000000 0111011
0111000 1000100 0011101 0010000 0111001 0100011 0100111 1110001 0101001 1001101
10 10
0110100100 0111111110 1101001001 1010001111 1011000011 1100110001 1100011010 0001001110 0011110001 0000110100
1001010111 0100110000 0101101010 1110100101 0001100101 0011011010 0010100000 1111011101 1110001110 1000011011
2 5
01101 00000
11111 01101
2 5
00110 01100
11010 10000
10 10
1010111111 0011010000 1111101100 0111000001 1000011110 0101000010 1110001111 0000111101 0001100000 1100110011
1011100010 1000111101 0111011110 1110110001 0100110011 1100010000 0001001100 0011001111 0101101110 1010000001
2 10
0101011011 0100111000
0101011100 0100111111
10 9
101100110 000101110 010011010 011000010 100000101 011000110 101011101 010101100 001100011 101111000
001010110 011011011 100100100 111000111 011010000 110001010 100101000 000000000 101110101 011000111
10 6
000000 100101 111010 110011 111000 111011 110010 111001 000001 100100
111000 110010 100100 111010 111011 110011 100101 111001 000001 000000
10 10
0101011100 0011011111 1010001010 1000110101 1011000100 1110111011 0111110011 0100001000 0000100001 1101100110
0111011101 0001010011 1111001001 0101100010 1100110111 1000011011 1010110100 1011100000 0100101100 0010001110
5 8
00100101 11101100 10000001 10110010 11100010
11001001 01011110 10011001 10010111 11111010
10 10
0101101101 0010001100 0010100101 1010110000 1110100111 1101001010 1001010011 0101111010 0011011101 1100010010
0101100110 0001110001 0010011100 1101011010 1100001011 1010101100 1101110011 0110000101 1010111011 0011000100
10 10
0111011100 0110011100 1100001111 1001000111 1011101001 0110010101 1000110100 0111110000 1000011000 1110000001
0110101111 1111010000 1010110101 0011010010 1101101000 1001100101 1101101010 1110101010 1100110000 0011100001
10 10
1011001000 1010100100 0101111010 1010100000 1011011011 0111100101 0000011011 0100011100 0100010111 1101100111
0111111100 0111101111 0110010000 1000100011 0001010011 0110010100 1000101000 1001001110 1100101111 1011010001
10 10
0001010000 1100100110 1001011101 0100000101 1011110011 1110100000 0111001000 0000101010 0110011111 1011111111
1010000011 0010100000 1101011010 1000000101 1101010110 1111111000 0001101101 0111110101 0110001111 0000111010
10 10
1010010010 1000110101 0011000001 1110001010 0010101010 1100010110 0111001101 1001111111 0101111001 0101100100
1100001101 0100110101 0101011110 1111100000 0001010010 0011111011 1000010101 0011100110 1010001001 1110101010
2 7
0000000 1110010
0101101 1011111
3 8
01000001 00110100 00100000
10100010 10110110 11000011
5 8
10010110 11011101 11110011 00100010 01001111
11110110 01101010 10101101 00111001 00101100
1 5
11110
01101
10 10
1100100001 0001111111 0100010010 1000100101 1110011001 0001010101 0011001110 1110101110 0111101010 1011010000
0011110100 1010000111 1001111111 1100010010 1100111000 0011000011 1110100011 0101001000 0110111101 0001001100
4 7
0100101 0010101 1010110 1100110
1111010 0111001 1001010 0001001
10 10
0011001000 1000011010 0101100100 1001110101 1110101000 0001010011 0110001001 0111000110 1000110111 1110111111
0111000110 0000011100 0100101011 0110001001 0010000111 1001111000 1000111010 1111110000 1001010101 1111100111
1 6
110110
100000
10 10
0110001010 1011011011 1100000111 0001000000 0011111111 0110100101 1001111011 1101100100 1110010000 0000111100
0010011000 1001110110 0001101100 1110111100 1001011001 0110000111 1100000011 0100100111 1111000000 0011111011
10 10
0101010010 1111111111 0001101101 1101000000 0000000011 0010011101 0011100001 1110111110 1000111110 1110000000
0101011001 1111111010 1100001010 0011011001 1101100100 0000100111 0011100111 1110000110 1000110101 0010011000
4 3
101 110 011 010
111 010 001 110
6 6
101110 101010 000101 111110 010101 000001
010101 000101 000001 101010 111110 101110
7 7
1110011 1010000 1110111 1011101 0110110 1010001 0101000
1011011 0100011 1111000 1011010 1010110 0111101 1111100
6 9
001100011 111010100 111000100 001110011 110010100 000110011
110001100 000101011 001111011 111011100 001101011 111001100
10 10
1011001101 1100100010 1000011010 0110111001 0111101001 0000010100 0011000111 0100100010 1011011100 1101110111
0011001010 0100100101 1100101111 1111111100 0111110010 1000000001 1001010001 1011001010 0100110100 0010011111
4 9
100111111 101000010 111111011 100101000
000010010 001001100 001101101 100011010
8 9
011001011 111011101 110110110 010111001 111001100 011010000 101100011 101001011
010100100 111000101 000111010 100000010 111101101 111001101 101010101 111111101
4 7
1010100 1110111 1110011 1010000
0100011 0000000 0100111 0000100
10 10
1000110000 0111000011 0010111000 1001011101 0101010111 0010101111 1111100001 0101101110 1010010010 1100001100
0001010001 0110101001 1111110010 1100011111 1010100011 0100111101 0110010000 1001101100 0001000110 1011001110
10 10
0010110010 1110110101 1110011000 0101000111 1101000111 1010011001 0111001010 0001101000 0001100111 1000111100
0100000001 1011010011 1011011100 1000000110 0111110011 0100101100 1101111110 0010001000 0000101101 1111110011
10 10
1100010010 0000001010 0000001011 1111110001 1101100110 1111111101 0010110001 0100000100 1011011101 0011101110
1101001010 0010110001 0001010010 0000100110 1110101110 1111110001 0110011101 1101001011 0010111101 1001000100
9 9
011001110 101001011 001100011 101101111 110100011 100010100 111010000 001100000 010111000
110101101 011011010 011011001 001110111 100011010 111110010 111010110 000000001 101101001
2 9
001110001 101111011
111010001 101101110
5 8
10000000 10101010 10010100 01111000 00000001
00101101 11110111 00111111 11110101 10010001
2 5
10111 00111
01110 11110
2 7
1011110 1010110
1110100 1111100
3 5
00101 00001 00011
01110 00000 11000
9 8
11111110 00000111 01100010 00111101 01001110 00010111 10110000 01001001 11111001
01001011 00010101 00010010 00111110 10100101 01011011 01100001 10100010 11101100
10 10
0101101011 0110001100 1111001001 1101010001 1001110110 1010111000 1000000110 0010110100 0000111011 0111000111
1111110010 0111111100 0010001111 0101010000 0000000000 1000111101 0110110111 1101101010 1001001101 1010000011
2 3
100 000
111 011
10 10
1111000010 0101011011 1010111011 0110000100 1001000100 1111001000 0001110111 0000111101 1000100010 0110111101
0101010001 1010101110 0100011011 0011101000 1111010111 1100101000 1010100100 0000110111 0011010001 1101001110
10 10
0110010011 1011010100 1011010110 1000100010 0100101111 0101001000 1010101101 1101010010 0000111101 0111101001
1001110001 0100110101 1011010000 1110100101 0101001100 0101001110 0011001010 1010110111 1000001011 0110111010
10 10
1111001111 1011111011 0000111000 0010101100 1000100110 1101000110 1100010101 0010010000 0101111001 0111000011
1101011011 0001110110 0110001101 0011011110 1100001000 0100110111 1010110101 0011100010 1001101000 1110000001
10 10
1111110110 1111000001 0000100111 0110001001 1010111111 0001011010 1001101000 0100011101 0001010010 1110100100
1010001000 1111000001 0100101010 0001100101 1001011111 0110111110 1110010011 1111110110 0000010000 0001101101
10 10
1111001000 0110010101 1110110100 0001001000 1100101011 0010101111 0101011111 0001110000 1011100011 1000010110
1101011010 0101111011 0110110001 0010100110 0001000001 1000001101 0010011110 1011111000 1111000101 1100100110
10 10
0000011101 1011010111 0110111100 0001000101 0111111010 1110100010 1111101011 1000010011 1101100000 0000001100
0001101110 1011111100 1101001011 1111000000 1110001001 0111010001 0000100111 0000110110 1000111000 0110010111
2 10
1001010010 0011010111
1001010010 0101100100
10 7
0101000 0011010 1110010 0110000 0101111 1010001 1111101 0100110 0000110 1101101
0100011 1100100 1101101 1101110 1110111 1000001 1110000 0000111 0100111 0000010
4 3
011 111 010 001
001 110 101 010
10 10
1010001111 1100001010 1110110011 0001110110 0011101000 0100101101 0111010101 1001100000 0100010001 1011011110
0101110100 0110001100 1010000111 1011010110 0000101111 0010110001 0101001000 1111101010 1000111001 1101010011
10 10
0110101000 1110100010 0011000010 1011110101 1100011001 1001110011 1000000110 0001011110 0101001101 0110111101
0010001111 0001111111 0010011010 1010010000 0101101100 1111000111 1000101011 1100110100 0111110000 1101000001
7 9
000111000 011100011 111101100 000111110 111000110 011001011 110100001
100111000 111100011 100111110 011000110 111001011 010100001 011101100
10 10
0111110101 0101111010 1000011110 1010001101 1000101100 1100110011 1101010011 0010000000 0011101100 0111000011
1001001001 1001111011 1101100100 0110100010 1011011010 0100101101 0110010100 0011010111 1100000100 0010111011
2 8
01100101 11100001
11001100 01000110
4 7
0000100 1100110 0110000 0101111
0011100 1110111 1001101 1011010
6 6
101000 100101 111111 110111 111010 101101
011111 010010 000101 001101 010111 000000
10 10
0110001101 0110010011 1101001000 0011110100 0000001111 1101010000 1000111110 1011110101 0001100011 1110101010
1011100001 0101000101 0110111111 0101011101 1110000110 0011100000 0000101011 1000011010 1110011000 1001110110
10 10
0101001100 1000001011 1011100101 0000111110 0000000011 1110010000 1011111110 0111111011 0100010000 1111100101
1111110011 0000000110 1100011101 0001011010 1010000110 1011110011 1111101000 0100101000 0011101101 0100010101
4 9
000100011 101101000 100110101 111011100
110100000 100010100 111111101 011101011
3 8
00110111 11011100 10001000
00110101 10001010 11011110
10 10
0001101110 1000110001 1110110001 1100010111 0111000001 0110001110 1101111000 0011101000 0001010111 1010001110
0111011110 0010010111 0110110001 1011001000 0000101000 1011110001 1100101000 1101100111 0100010111 1001001110
10 10
0010000010 1111101110 0001111011 0110011111 1000100000 1100110101 0011010100 1101000011 1100011100 0011101001
0101010100 1001010011 0111111001 0110001111 1011000001 0110100110 1000111000 0010011010 1001101110 1100100101
1 5
01000
00101
10 10
0110111001 1110000110 1011101011 0100100100 1010011100 1001110001 0101011111 0101110100 1001000011 0010001010
0011100100 1100101011 0110001001 1110110110 0010010011 1101010000 0001001100 1101111011 1010000101 0001111110
6 7
0001010 1101111 0111010 1110011 0011110 0011111
0001011 1011110 1000010 0101110 0111011 0101111
8 6
110010 010011 111011 101101 101111 111001 000111 100110
000100 001101 100101 010000 110001 011001 011011 001111
4 4
0101 1010 0000 1111
0101 1010 1111 0000
10 10
0000100000 1111111101 1101001110 0010000000 0001011001 1100101011 0110010110 1011111111 0001000110 1110110001
1011011010 1000011100 0010100101 0100010100 0101110001 0110100111 0111101011 1000000011 1001111010 1111001100
2 6
100110 000000
000000 100110
4 10
1111000110 0111110001 1010100100 1011100001
0010011100 0011011001 0110111011 1110001100
3 10
1100010001 1110011011 0011110110
0010111101 1100111111 0111101101
4 5
00100 00011 01100 01011
00011 00100 01011 01100
10 10
1100011001 0010101011 0010101100 0011010010 1101001110 1101010101 1001100101 0000110100 0111010010 1110101011
1000101111 0111010110 1000101000 0111001101 1101010001 0100101000 0011100110 1010110111 0110011010 1001010001
10 10
1100100100 0100111011 0010010010 1110100110 0111011110 1100101001 1001101011 0001010100 1011011101 0011000001
1111001110 0000101011 0010101001 0101100100 1101011011 0111010010 1000110100 1011010001 1110011101 0000100110
4 8
11000000 00011100 10001110 10101101
11111010 00100110 01101000 01001011
10 9
010110001 101001001 100010001 000001000 100111111 010111100 110111101 001111000 111101000 000011111
100011001 011111001 011101110 101001100 110111000 010001001 001000000 111100000 001001101 111001110
10 6
001110 100011 110110 011111 010010 011010 000011 001101 010000 101001
010110 111111 001001 111010 110010 110000 000011 101110 100011 101101
6 9
000111001 111101010 001011011 101100000 101010011 100001100
000011011 001111001 100010011 110101010 100100000 101001100
10 10
1000101000 0111111101 1100011010 0011100111 0001100110 1011011010 0110001100 0000000111 1101110001 1110010001
1000111011 0010000111 0101101101 0000000110 1110010000 0100011100 0011100110 1111111011 1101110000 1011001001
2 5
00000 00001
11000 11001
