50
3
1 2 3
2 3 5
3 5 6
2 3 4
1 2 3
8
13 15 20 23 25 31 33 36
3 6 9 10 11 14 17 19
10 17 21 23 26 29 33 36
13 19 22 24 27 30 36 38
10 14 19 22 24 28 29 30
7 11 16 20 21 24 25 26
2 3 5 7 8 10 13 15
8 14 19 22 25 28 31 34
6 10 13 18 19 22 23 24
7 12 15 18 20 22 23 24
5 9 10 13 16 19 21 22
15 17 21 24 26 34 36 38
8 13 17 19 21 25 26 27
4 9 10 15 17 19 20 21
2 3 4 6 7 8 10 13
6
17 18 24 27 29 31
7 10 12 16 20 24
8 14 18 21 25 27
15 18 25 26 29 31
13 15 20 25 26 29
10 14 16 21 24 26
4 6 10 14 16 18
7 10 12 18 21 25
1 3 7 8 12 15
12 16 21 24 26 29
3 6 10 14 15 18
7
15 16 17 18 19 20 21
1 8 15 22 29 36 43
29 30 31 32 33 34 35
36 37 38 39 40 41 42
3 10 17 24 31 38 45
4 11 18 25 32 39 46
6 13 20 27 34 41 48
2 9 16 23 30 37 44
22 23 24 25 26 27 28
5 12 19 26 33 40 47
7 14 21 28 35 42 49
8 9 10 11 12 13 14
1 2 3 4 5 6 7
3
6 7 10
5 7 10
3 5 6
8 10 13
3 6 8
8
5 6 9 11 13 14 19 22
6 9 12 14 19 24 29 31
9 12 14 15 19 23 25 27
30 31 38 41 45 50 55 58
22 24 27 34 38 44 51 58
11 14 15 17 24 28 29 34
14 19 23 28 33 39 47 50
13 17 19 24 30 36 44 45
11 14 15 17 28 33 39 41
7 9 11 14 17 19 20 24
25 29 34 39 44 47 48 51
20 24 25 33 36 39 43 44
9 11 14 15 23 25 34 38
15 19 23 28 30 33 36 38
5 7 9 11 15 20 25 30
5
6 7 10 13 14
10 11 14 17 20
3 4 7 10 11
1 3 6 8 10
8 10 11 14 17
9 10 13 14 17
6 8 10 11 14
3 4 8 10 13
12 13 14 17 20
4
4 7 10 12
1 3 5 6
3 5 8 10
2 4 6 8
3 4 5 7
5 6 8 10
6 8 10 12
3
11 12 16
5 6 11
5 9 10
10 11 16
6 10 11
4
5 6 7 8
2 6 10 14
13 14 15 16
1 2 3 4
1 5 9 13
4 8 12 16
3 7 11 15
6
13 19 23 24 28 31
7 12 13 17 18 23
6 9 12 14 16 17
8 11 13 16 17 19
12 17 19 25 29 31
9 13 17 19 22 25
11 17 18 20 23 29
11 16 17 22 23 28
9 14 16 19 20 24
2 6 7 9 11 12
2 6 8 9 11 13
5
14 16 21 27 29
10 15 19 21 23
6 10 15 16 18
11 13 19 23 24
3 6 11 14 16
16 18 24 29 33
12 16 23 27 32
16 17 23 32 33
3 8 10 12 16
10
13 15 16 17 19 23 24 26 28 30
16 18 20 22 23 26 29 30 32 33
11 12 13 15 16 20 22 24 25 27
4 6 8 9 11 12 13 15 16 18
13 17 19 21 22 25 27 28 30 32
7 9 10 12 13 15 16 17 19 22
12 13 14 16 18 21 23 25 27 29
12 16 17 20 21 24 25 26 28 30
9 13 15 16 18 20 21 23 25 26
8 11 12 14 15 16 18 19 20 23
14 19 21 23 24 27 29 30 32 33
2 4 6 8 9 11 12 13 14 16
9 11 12 13 15 18 19 21 22 24
2 4 6 7 8 9 10 12 13 14
10 15 16 18 19 22 23 24 27 29
14 16 17 19 20 25 27 28 30 32
6 8 9 11 12 13 14 16 17 20
6 8 9 10 12 15 16 17 19 21
8 9 11 12 14 16 18 20 21 23
3
1 3 4
3 5 7
3 7 9
2 5 7
4 7 9
5
1 2 3 4 6
3 5 6 8 9
6 9 12 13 14
5 9 10 12 13
7 10 11 13 14
3 6 9 10 11
4 8 11 12 13
2 5 7 9 10
4 7 9 11 12
3
1 3 5
3 6 7
5 7 9
4 6 7
1 4 6
2
2 6
6 8
4 8
4
28 39 58 77
10 38 44 63
6 14 16 32
6 10 28 48
48 58 62 102
16 44 58 62
14 38 39 58
5
6 7 9 10 11
8 10 13 14 16
3 5 7 9 10
2 4 6 7 8
4 6 9 11 13
2 3 4 5 6
6 9 11 15 16
7 9 11 13 15
5 8 10 13 14
2
2 4
2 6
6 8
3
4 5 7
5 6 7
1 3 5
2 4 6
1 2 4
10
9 10 11 12 13 14 15 16 17 18
1 2 3 4 5 6 7 8 9 10
7 8 9 10 11 12 13 14 15 16
4 5 6 7 8 9 10 11 12 13
1 2 3 4 5 6 7 8 9 10
2 3 4 5 6 7 8 9 10 11
3 4 5 6 7 8 9 10 11 12
5 6 7 8 9 10 11 12 13 14
9 10 11 12 13 14 15 16 17 18
2 3 4 5 6 7 8 9 10 11
5 6 7 8 9 10 11 12 13 14
8 9 10 11 12 13 14 15 16 17
10 11 12 13 14 15 16 17 18 19
6 7 8 9 10 11 12 13 14 15
7 8 9 10 11 12 13 14 15 16
8 9 10 11 12 13 14 15 16 17
4 5 6 7 8 9 10 11 12 13
10 11 12 13 14 15 16 17 18 19
3 4 5 6 7 8 9 10 11 12
2
22 222
2 22
22 222
9
9 14 15 18 21 24 26 29 34
31 38 45 48 53 55 57 60 63
14 16 18 23 27 31 36 41 44
23 28 31 34 38 44 49 50 55
18 21 26 31 36 39 43 44 45
8 15 18 26 31 36 41 45 50
4 7 8 13 14 18 19 23 28
18 24 31 39 44 46 52 55 60
23 29 41 44 50 55 57 60 65
28 34 44 45 55 58 59 63 69
7 14 16 21 28 32 34 38 42
4 9 14 18 23 26 27 31 33
19 26 36 43 49 52 55 57 62
13 18 23 31 34 40 42 48 51
33 42 50 51 58 60 62 65 69
26 32 36 40 44 46 52 55 58
14 21 27 36 38 44 47 53 58
2
2 6
2 4
4 8
3
2 4 5
2 5 8
5 7 9
8 10 13
4 7 10
2
8 10
5 8
5 9
6
4 6 8 9 11 14
5 8 9 12 13 15
4 7 8 10 11 12
6 7 10 12 14 16
7 8 11 13 16 17
1 3 4 6 7 8
8 9 12 15 17 19
1 3 4 5 6 8
6 10 11 14 16 17
3 5 7 8 10 12
8 12 14 16 17 19
4
3 4 7 10
3 5 6 9
4 7 10 12
5 7 8 11
7 8 12 14
9 12 14 17
6 10 12 13
5
4 6 8 10 14
13 15 18 24 26
8 12 14 15 18
4 8 9 13 17
10 15 21 24 25
8 14 17 18 19
6 12 14 15 18
17 18 19 25 30
9 14 17 21 25
3
3 4 5
1 2 3
3 4 5
2 3 4
1 2 3
10
9 17 24 30 35 39 42 44 45 62
7 15 22 28 33 37 40 41 42 58
47 49 50 53 55 57 58 61 62 64
1 2 3 4 5 6 7 8 9 46
6 14 21 27 32 36 37 38 39 57
4 12 19 25 26 27 28 29 30 52
6 14 21 27 32 36 37 38 39 56
8 16 23 29 34 38 41 43 44 61
5 13 20 26 31 32 33 34 35 55
46 48 51 52 54 56 59 60 63 64
4 12 19 25 26 27 28 29 30 53
2 10 11 12 13 14 15 16 17 49
3 11 18 19 20 21 22 23 24 50
1 2 3 4 5 6 7 8 9 47
2 10 11 12 13 14 15 16 17 48
3 11 18 19 20 21 22 23 24 51
5 13 20 26 31 32 33 34 35 54
8 16 23 29 34 38 41 43 44 60
7 15 22 28 33 37 40 41 42 59
7
1 2 3 4 5 6 23
5 10 14 17 19 20 30
6 11 15 18 20 21 33
22 25 26 29 31 33 34
3 8 12 13 14 15 27
3 8 12 13 14 15 26
2 7 8 9 10 11 25
6 11 15 18 20 21 32
2 7 8 9 10 11 24
23 24 27 28 30 32 34
1 2 3 4 5 6 22
4 9 13 16 17 18 28
5 10 14 17 19 20 31
4
4 5 8 10
4 5 10 11
7 10 13 16
7 10 16 17
1 4 5 7
9 11 14 17
5 8 13 14
10
18 23 25 28 35 36 40 43 46 49
5 8 11 16 18 19 22 25 27 31
16 20 22 26 33 34 38 41 45 48
1 5 8 9 10 13 16 18 20 21
9 13 18 23 27 29 33 35 37 40
1 4 5 6 9 13 17 19 22 26
9 12 16 19 23 25 29 32 33 34
13 14 19 25 28 33 34 36 39 41
6 9 14 19 23 24 26 28 29 33
8 10 11 14 18 19 22 24 29 32
19 22 24 32 37 39 41 43 45 47
5 6 8 9 13 14 19 22 25 27
17 19 22 29 33 36 38 40 41 44
26 27 32 34 43 44 48 49 53 55
10 13 18 23 27 28 33 37 41 43
4 6 10 12 13 17 20 23 26 27
21 27 31 33 40 41 44 47 49 55
22 25 29 33 41 42 45 46 47 49
13 17 19 24 29 33 36 39 42 44
7
5 7 8 10 11 12 15
11 13 14 17 19 20 24
1 3 5 6 8 9 11
1 3 5 6 8 9 11
9 11 13 16 18 19 22
8 10 12 14 15 17 20
6 9 11 13 14 16 18
9 11 12 16 17 19 20
11 13 15 18 20 22 24
5 6 8 11 12 13 14
3 4 7 9 10 11 13
8 10 11 14 15 18 19
3 4 6 7 10 11 13
7
11 14 15 16 20 23 27
2 6 10 14 16 17 21
15 17 18 21 24 31 35
10 13 14 20 21 24 27
1 2 6 7 10 13 17
7 10 12 16 19 21 26
12 16 17 19 21 27 31
17 21 23 27 31 35 38
8 10 11 12 14 20 23
13 17 20 23 27 31 35
16 21 23 26 27 35 38
4 6 8 10 13 17 21
1 4 8 11 12 15 16
2
6 8
2 4
4 8
4
7 9 11 13
3 5 6 12
3 5 6 11
2 4 5 9
1 2 3 7
2 4 5 10
8 10 12 13
10
6 16 26 36 46 56 66 76 86 96
1 11 21 31 41 51 61 71 81 91
81 82 83 84 85 86 87 88 89 90
9 19 29 39 49 59 69 79 89 99
71 72 73 74 75 76 77 78 79 80
11 12 13 14 15 16 17 18 19 20
51 52 53 54 55 56 57 58 59 60
41 42 43 44 45 46 47 48 49 50
10 20 30 40 50 60 70 80 90 100
2 12 22 32 42 52 62 72 82 92
7 17 27 37 47 57 67 77 87 97
5 15 25 35 45 55 65 75 85 95
3 13 23 33 43 53 63 73 83 93
61 62 63 64 65 66 67 68 69 70
31 32 33 34 35 36 37 38 39 40
8 18 28 38 48 58 68 78 88 98
4 14 24 34 44 54 64 74 84 94
21 22 23 24 25 26 27 28 29 30
1 2 3 4 5 6 7 8 9 10
7
9 13 15 16 18 19 21
13 14 16 18 19 21 24
5 7 8 11 13 15 16
5 7 8 11 12 14 16
3 5 7 9 11 12 14
8 11 13 15 16 18 19
11 12 14 16 18 19 22
3 5 7 9 11 13 14
7 9 11 12 15 16 17
2 3 5 7 9 11 13
9 11 12 13 16 18 20
2 3 5 7 8 9 11
11 14 16 17 20 22 24
3
1 2 3
2 3 4
2 3 4
3 4 5
3 4 5
7
6 7 8 9 10 11 12
4 5 6 7 8 9 10
7 8 9 10 11 12 13
6 7 8 9 10 11 12
7 8 9 10 11 12 13
2 3 4 5 6 7 8
3 4 5 6 7 8 9
1 2 3 4 5 6 7
4 5 6 7 8 9 10
5 6 7 8 9 10 11
5 6 7 8 9 10 11
1 2 3 4 5 6 7
3 4 5 6 7 8 9
10
20 21 27 28 30 35 39 41 42 46
11 14 17 18 22 24 25 26 28 30
7 8 12 14 16 17 20 21 24 27
5 7 10 11 12 14 15 18 19 21
5 7 8 11 14 17 20 22 25 27
12 17 20 23 26 28 29 32 33 35
17 22 23 27 29 32 35 36 38 41
2 5 8 9 11 12 14 15 17 20
17 19 24 27 28 33 36 38 40 43
19 25 27 29 31 34 37 38 40 42
12 14 17 20 24 28 30 32 34 36
9 11 14 17 19 20 22 23 27 28
14 20 22 24 28 30 31 34 36 39
9 11 14 17 18 23 24 27 29 30
15 18 21 23 26 32 34 36 38 39
11 12 16 19 22 26 28 29 31 33
2 5 7 9 11 12 14 17 19 21
8 10 12 14 17 20 22 23 27 29
14 15 20 22 25 29 31 35 37 38
4
2 3 4 5
3 4 5 6
4 5 6 7
1 2 3 4
3 4 5 6
4 5 6 7
1 2 3 4
10
69 79 102 109 127 152 165 183 195 211
18 41 63 69 75 76 81 86 87 89
86 121 155 180 193 202 240 243 275 279
39 65 78 79 99 114 119 121 143 145
166 184 193 211 226 251 261 279 295 311
76 94 105 127 152 167 189 193 220 225
63 78 80 82 105 118 141 154 167 193
76 114 136 160 167 194 206 229 242 251
81 119 153 179 189 199 216 241 254 261
53 80 82 109 111 160 179 180 199 217
126 129 154 183 199 229 241 243 266 280
41 79 80 102 105 136 153 155 159 175
87 143 159 199 220 229 250 266 282 295
18 39 41 53 76 98 114 126 149 166
41 65 79 80 94 112 127 129 163 184
89 145 175 217 225 251 268 280 291 311
98 112 118 152 170 194 199 202 229 251
149 163 167 195 204 242 254 275 282 291
75 99 105 111 152 170 178 199 204 226
3
2 3 4
1 2 3
1 2 3
2 3 4
3 4 5
7
53 78 97 99 109 112 131
51 75 109 120 155 174 187
12 28 53 68 80 83 91
80 104 124 145 155 169 189
68 94 109 117 120 125 148
28 48 57 71 75 100 118
65 100 112 125 169 189 192
83 107 135 158 174 189 211
91 112 153 160 187 192 233
19 48 78 94 104 107 112
71 118 131 148 189 211 233
36 71 99 117 145 158 160
12 19 25 36 51 65 71
7
11 12 15 16 18 22 26
5 11 14 16 19 24 26
13 16 18 19 22 24 27
2 5 8 11 13 15 18
4 10 12 15 18 21 24
8 13 17 18 22 27 30
8 10 12 14 17 20 23
9 14 20 22 24 30 33
5 7 10 11 13 14 15
3 7 10 12 16 17 21
15 17 21 24 27 30 31
12 15 23 26 27 31 35
18 21 24 26 30 33 35
2
22 222
2 22
2 22
