50
3
1 2 3
2 3 5
3 5 6
2 3 4
1 2 3
2
6 8
2 6
2 4
7
4 11 18 25 32 39 46
29 30 31 32 33 34 35
1 2 3 4 5 6 7
6 13 20 27 34 41 48
15 16 17 18 19 20 21
3 10 17 24 31 38 45
7 14 21 28 35 42 49
1 8 15 22 29 36 43
43 44 45 46 47 48 49
5 12 19 26 33 40 47
36 37 38 39 40 41 42
8 9 10 11 12 13 14
22 23 24 25 26 27 28
3
2 3 4
1 2 3
3 4 5
2 3 4
1 2 3
4
2 4 5 9
1 2 3 7
1 2 3 8
7 9 12 13
8 10 11 13
3 5 6 11
3 5 6 12
7
3 5 7 8 10 12 13
10 13 14 18 20 22 23
9 11 13 14 16 18 20
13 15 16 17 19 21 23
11 12 14 15 17 20 22
7 10 11 14 16 17 19
1 3 5 7 9 11 13
4 7 8 10 13 14 16
5 6 8 9 11 13 14
2 5 6 8 11 12 15
7 8 10 12 14 16 18
8 12 13 16 18 20 21
1 2 4 6 7 8 10
9
11 14 16 21 23 30 35 40 42
1 4 7 11 15 16 17 21 22
4 5 8 15 16 19 22 26 31
22 25 27 30 36 37 41 46 50
1 4 7 11 13 17 22 27 29
17 19 24 25 31 34 40 44 48
27 30 34 35 37 41 43 47 54
13 18 19 24 28 31 39 43 47
15 16 22 23 28 31 36 37 47
7 8 12 16 19 24 27 34 39
7 9 12 20 22 25 27 31 33
11 15 20 21 24 25 30 35 43
21 26 31 40 43 44 46 47 56
16 19 25 30 31 34 37 41 52
29 34 39 43 47 52 53 56 60
22 31 33 42 47 48 50 54 60
4 5 9 14 18 19 25 30 34
10
43 66 100 101 130 155 171 177 183 186
168 184 186 248 261 278 293 301 313 365
23 44 62 74 98 100 124 142 158 168
130 157 196 215 226 284 305 330 341 365
98 107 130 148 154 163 169 172 224 226
23 31 43 52 58 64 85 107 111 130
62 77 100 125 131 139 142 162 181 196
85 119 142 153 169 217 226 250 273 293
111 145 181 203 224 261 284 291 304 313
100 116 155 173 187 198 217 240 261 284
158 182 183 224 242 262 273 297 304 341
52 86 125 131 148 173 182 199 224 248
44 54 66 86 102 106 119 122 145 157
142 158 177 199 228 246 250 272 291 330
124 139 171 182 210 214 226 255 284 305
31 54 77 93 107 116 139 158 182 184
58 102 131 140 154 187 210 228 242 261
64 106 139 147 163 198 214 246 262 278
74 93 101 131 140 147 153 169 203 215
8
12 17 19 21 26 28 30 34
12 14 19 20 22 24 26 28
2 3 8 10 13 14 17 19
3 6 10 13 16 19 20 23
2 3 6 9 11 13 14 17
1 2 5 8 9 12 14 15
5 8 10 11 12 14 16 19
10 14 16 20 23 26 28 31
6 9 11 16 18 20 21 25
9 13 14 18 22 24 27 30
15 19 23 25 27 30 31 34
1 2 3 6 8 9 10 12
8 11 12 17 21 22 23 27
14 17 20 21 23 27 28 30
8 10 13 16 17 18 20 21
6
10 11 14 15 18 20
1 3 4 5 8 11
12 14 17 20 21 24
3 6 9 11 14 16
4 8 11 14 17 19
14 16 19 21 23 25
7 9 11 12 14 15
5 10 12 15 20 21
8 11 14 18 21 23
11 14 15 20 24 25
1 4 7 10 12 14
9
10 13 20 22 25 27 32 33 36
6 11 14 17 18 22 25 27 28
10 17 19 22 25 27 29 33 40
23 33 36 40 41 42 45 49 54
17 25 29 32 35 38 42 44 45
9 14 16 20 23 25 27 32 36
7 11 12 13 15 21 25 29 33
3 6 8 10 13 17 21 22 23
13 15 23 25 28 29 35 37 41
23 28 35 36 41 44 45 52 54
19 27 32 33 37 40 44 48 49
13 22 26 27 29 32 35 39 42
17 21 25 27 31 32 38 40 44
3 7 9 10 11 13 17 19 23
22 29 32 33 36 39 44 48 52
11 18 22 25 28 31 33 36 41
21 25 27 29 33 35 42 44 45
2
6 8
4 8
2 6
10
81 82 83 84 85 86 87 88 89 90
9 19 29 39 49 59 69 79 89 99
91 92 93 94 95 96 97 98 99 100
21 22 23 24 25 26 27 28 29 30
1 11 21 31 41 51 61 71 81 91
10 20 30 40 50 60 70 80 90 100
5 15 25 35 45 55 65 75 85 95
7 17 27 37 47 57 67 77 87 97
61 62 63 64 65 66 67 68 69 70
1 2 3 4 5 6 7 8 9 10
2 12 22 32 42 52 62 72 82 92
4 14 24 34 44 54 64 74 84 94
71 72 73 74 75 76 77 78 79 80
11 12 13 14 15 16 17 18 19 20
31 32 33 34 35 36 37 38 39 40
8 18 28 38 48 58 68 78 88 98
6 16 26 36 46 56 66 76 86 96
3 13 23 33 43 53 63 73 83 93
51 52 53 54 55 56 57 58 59 60
4
2 3 4 5
3 4 5 6
4 5 6 7
3 4 5 6
1 2 3 4
2 3 4 5
1 2 3 4
4
1 5 9 13
9 10 11 12
2 6 10 14
5 6 7 8
1 2 3 4
13 14 15 16
4 8 12 16
3
3 4 8
1 3 5
5 8 11
2 4 6
5 6 11
3
4 7 11
11 15 16
8 12 15
9 15 16
7 12 15
10
1 3 4 5 8 10 12 13 16 18
5 10 11 16 18 22 23 25 28 31
13 18 20 25 27 30 31 36 39 41
1 4 7 8 10 13 14 15 16 19
4 8 9 13 16 19 22 24 27 29
4 6 8 10 13 16 17 18 19 20
8 13 15 18 21 23 25 28 31 33
3 6 8 11 13 16 18 21 22 25
19 25 29 31 33 34 36 41 44 46
16 19 23 28 30 32 35 37 42 44
18 20 26 31 33 35 36 39 44 46
14 18 22 23 25 28 29 31 35 36
10 16 18 21 22 24 28 30 33 34
13 16 19 22 23 24 27 30 32 35
10 13 16 18 21 22 25 27 30 33
7 8 9 11 15 18 19 20 23 26
8 11 13 16 18 21 22 25 28 31
16 22 27 28 31 33 34 39 42 44
12 17 19 22 25 27 29 33 34 36
4
4 5 7 8
7 8 11 12
5 6 9 11
6 8 11 12
6 7 9 11
2 4 5 6
4 5 6 8
7
95 111 132 157 175 198 220
58 85 90 99 122 161 167
24 39 63 64 83 106 111
63 68 73 90 104 132 142
111 142 146 167 205 220 244
113 134 142 172 176 209 244
24 29 40 58 73 95 113
106 126 145 161 185 198 209
29 51 68 72 101 126 142
64 72 98 99 120 157 172
40 61 73 98 103 145 146
83 101 103 122 147 175 176
73 101 104 120 147 185 205
10
6 7 9 12 18 22 27 29 34 39
18 22 24 33 35 37 42 45 47 53
26 31 36 39 43 45 55 60 65 66
29 39 44 45 51 53 58 66 71 73
21 29 30 40 43 48 52 60 61 62
24 25 31 36 38 42 50 52 54 58
19 21 27 28 30 37 46 48 52 53
19 27 29 37 42 46 50 55 56 61
8 13 16 19 23 24 29 30 38 44
18 19 22 26 29 35 42 43 47 51
1 6 8 13 18 19 24 26 28 29
28 33 40 42 45 47 56 61 67 71
10 12 19 20 26 28 36 39 42 46
6 7 13 17 19 21 25 31 33 36
29 36 45 46 51 53 61 62 71 73
13 17 19 20 28 33 37 40 42 45
15 18 23 28 29 30 38 43 45 51
7 9 16 19 22 27 31 36 40 45
26 34 38 42 47 52 54 65 67 71
2
2 22
2 22
22 222
7
6 11 15 18 20 21 32
6 11 15 18 20 21 33
3 8 12 13 14 15 27
4 9 13 16 17 18 28
1 2 3 4 5 6 23
22 24 26 28 30 32 34
5 10 14 17 19 20 30
23 25 27 29 31 33 34
1 2 3 4 5 6 22
5 10 14 17 19 20 31
2 7 8 9 10 11 25
4 9 13 16 17 18 29
3 8 12 13 14 15 26
10
8 9 10 11 12 13 14 15 16 17
6 7 8 9 10 11 12 13 14 15
9 10 11 12 13 14 15 16 17 18
7 8 9 10 11 12 13 14 15 16
9 10 11 12 13 14 15 16 17 18
2 3 4 5 6 7 8 9 10 11
6 7 8 9 10 11 12 13 14 15
8 9 10 11 12 13 14 15 16 17
4 5 6 7 8 9 10 11 12 13
1 2 3 4 5 6 7 8 9 10
10 11 12 13 14 15 16 17 18 19
7 8 9 10 11 12 13 14 15 16
2 3 4 5 6 7 8 9 10 11
3 4 5 6 7 8 9 10 11 12
10 11 12 13 14 15 16 17 18 19
4 5 6 7 8 9 10 11 12 13
5 6 7 8 9 10 11 12 13 14
3 4 5 6 7 8 9 10 11 12
5 6 7 8 9 10 11 12 13 14
4
2 4 6 7
6 7 9 10
2 4 6 8
7 9 10 14
4 5 7 9
4 5 7 10
8 10 12 14
4
33 54 56 57
15 33 54 69
28 56 82 93
15 24 28 52
52 57 92 94
24 54 69 72
69 72 93 94
2
1 2
1 3
3 4
4
14 16 21 25
9 14 21 26
10 13 14 17
5 8 9 13
13 17 25 29
17 22 26 29
5 10 14 17
2
2 3
1 2
2 3
10
9 13 17 20 24 28 29 33 36 40
6 9 13 14 15 22 24 25 28 32
29 32 40 43 46 49 53 54 57 58
23 25 33 37 41 42 45 48 51 53
18 22 28 29 30 31 34 39 40 43
15 20 24 28 30 31 38 42 48 49
2 5 8 12 14 18 20 23 25 29
28 29 35 37 38 43 47 53 55 58
2 6 9 13 14 15 16 20 24 28
14 15 24 27 28 30 31 36 37 38
13 15 20 23 27 29 32 37 38 43
25 28 36 38 44 48 49 51 53 55
20 24 29 32 36 38 39 43 44 47
12 14 20 23 26 28 30 32 35 37
5 9 13 15 18 20 23 24 26 29
8 13 17 20 23 24 25 28 32 35
14 18 23 26 28 30 36 41 44 46
24 26 32 35 37 40 44 51 53 57
16 23 25 30 31 34 39 45 49 53
3
1 2 3
2 3 4
3 4 5
3 4 5
1 2 3
4
5 8 9 11
1 2 3 4
4 6 8 10
2 5 6 8
1 3 4 5
3 7 8 9
3 5 7 9
2
6 8
2 4
4 8
6
11 21 26 31 35 40
14 18 29 40 45 49
15 25 28 35 38 45
17 30 32 39 40 49
5 11 16 21 25 30
8 16 17 21 24 29
9 13 21 31 35 39
13 17 24 35 38 40
4 6 8 11 15 17
8 12 17 26 28 32
4 5 8 9 13 14
10
6 14 21 27 32 36 37 38 39 56
4 12 19 25 26 27 28 29 30 52
7 15 22 28 33 37 40 41 42 58
8 16 23 29 34 38 41 43 44 61
1 2 3 4 5 6 7 8 9 46
1 2 3 4 5 6 7 8 9 47
8 16 23 29 34 38 41 43 44 60
2 10 11 12 13 14 15 16 17 48
2 10 11 12 13 14 15 16 17 49
3 11 18 19 20 21 22 23 24 51
46 48 50 53 55 57 58 60 62 64
9 17 24 30 35 39 42 44 45 63
47 49 51 52 54 56 59 61 63 64
4 12 19 25 26 27 28 29 30 53
5 13 20 26 31 32 33 34 35 54
7 15 22 28 33 37 40 41 42 59
5 13 20 26 31 32 33 34 35 55
9 17 24 30 35 39 42 44 45 62
6 14 21 27 32 36 37 38 39 57
6
6 11 14 16 21 27
1 2 6 8 13 18
8 12 17 22 23 32
8 14 16 22 26 30
6 10 14 17 19 22
4 5 11 12 17 20
1 4 6 8 10 11
10 18 21 23 30 35
11 22 27 32 35 37
2 5 10 14 18 22
13 17 19 26 30 35
3
4 7 9
4 7 9
2 4 7
1 2 4
2 4 7
3
3 4 5
2 3 4
2 3 4
3 4 5
1 2 3
2
3 5
2 4
4 5
7
14 16 22 24 26 29 33
9 11 13 15 18 19 22
14 17 18 22 25 27 29
13 15 16 19 22 25 26
4 8 11 13 15 17 19
3 6 9 11 13 14 16
6 8 9 12 13 14 16
3 4 6 8 9 11 14
6 9 13 14 16 18 20
16 19 20 25 27 30 33
8 12 15 18 19 22 25
11 14 19 23 25 27 30
11 13 14 18 20 23 24
7
6 7 8 9 10 11 12
2 3 4 5 6 7 8
5 6 7 8 9 10 11
7 8 9 10 11 12 13
4 5 6 7 8 9 10
1 2 3 4 5 6 7
5 6 7 8 9 10 11
4 5 6 7 8 9 10
3 4 5 6 7 8 9
1 2 3 4 5 6 7
2 3 4 5 6 7 8
7 8 9 10 11 12 13
3 4 5 6 7 8 9
9
21 37 43 48 53 58 59 65 68
20 33 38 41 45 47 56 60 64
17 19 26 32 33 34 39 45 53
7 13 19 24 26 31 35 40 45
8 12 13 17 22 24 28 33 37
13 16 19 24 25 28 29 38 43
4 8 13 14 17 22 26 27 29
29 33 45 47 52 56 58 64 68
22 24 31 36 37 38 42 47 58
26 30 35 40 43 48 51 56 59
12 22 25 29 33 37 43 47 52
6 12 16 17 19 24 30 31 33
14 17 24 28 29 32 37 41 48
27 31 40 43 47 51 56 60 65
4 6 7 9 12 14 16 20 21
14 24 28 32 34 38 48 51 56
9 17 24 28 32 36 40 43 47
4
8 12 13 17
2 4 6 8
4 6 9 12
3 6 9 12
2 3 5 7
7 12 14 17
5 9 12 13
7
8 10 12 17 21 24 27
2 5 7 9 10 13 14
3 5 6 8 11 13 14
7 11 15 18 21 23 24
6 7 10 12 15 16 18
3 6 10 11 12 14 17
4 8 12 14 17 18 19
10 13 14 18 23 27 30
11 14 17 19 24 30 31
7 9 11 14 18 19 21
1 2 3 4 7 8 11
1 3 6 7 8 10 11
8 13 16 19 24 27 30
10
4 8 10 11 13 14 17 18 19 20
9 11 13 15 16 17 19 21 22 24
3 6 7 10 11 13 15 16 17 19
14 17 19 20 25 26 28 31 33 34
15 19 20 21 27 28 30 33 35 36
6 7 10 11 12 13 15 16 17 18
10 13 14 17 19 20 22 24 26 28
9 12 13 15 17 20 23 25 26 28
2 4 6 8 9 10 11 13 14 15
8 10 12 14 16 19 21 23 25 27
14 16 17 19 22 26 29 31 33 35
8 10 11 13 14 15 17 18 19 21
4 6 8 9 10 12 14 15 16 17
15 17 18 21 24 28 30 32 34 36
13 16 18 19 23 25 26 29 31 32
2 3 4 6 8 9 11 12 14 15
11 15 17 18 21 23 25 27 29 30
12 15 16 18 21 24 27 29 31 33
6 9 11 13 15 17 18 19 20 21
2
2 4
2 6
4 8
3
2 3 5
2 3 4
4 6 8
5 7 8
3 4 6
10
7 10 16 17 21 24 30 36 39 44
19 21 24 27 36 39 46 50 51 53
2 6 7 11 16 19 24 28 30 35
9 16 17 24 25 27 38 40 43 47
11 15 21 24 28 33 35 40 43 47
26 37 44 47 52 53 62 66 71 72
30 35 42 43 48 50 54 58 64 71
15 21 24 33 38 39 43 48 50 52
5 9 10 15 19 21 29 31 35 40
14 17 21 28 31 36 41 42 48 49
22 31 36 40 46 50 54 56 58 62
16 19 22 25 31 38 41 46 48 52
25 35 39 43 48 51 58 60 64 69
6 9 13 16 17 21 26 31 35 37
28 31 39 40 42 48 52 56 60 66
35 40 43 47 49 52 56 62 69 72
24 29 34 38 41 43 49 54 58 62
2 5 8 9 14 15 18 22 25 26
18 26 30 35 41 46 49 52 54 56
2
22 222
22 222
2 22
9
12 14 16 19 20 23 27 29 30
2 5 8 11 13 16 18 20 21
4 5 6 7 10 14 15 17 20
17 21 24 27 29 30 33 36 37
5 6 9 12 15 18 19 23 24
9 10 13 16 18 21 25 26 29
16 17 20 24 27 30 32 35 36
5 8 9 12 13 16 18 20 22
14 18 19 22 25 27 28 32 35
6 7 12 14 16 20 22 24 27
1 4 5 8 10 13 14 15 17
18 20 22 27 28 31 35 36 37
15 20 23 24 26 29 32 35 36
14 15 18 21 22 24 28 32 33
10 13 15 16 18 20 22 27 28
8 11 12 14 16 19 21 24 27
1 2 5 6 9 12 14 16 18
