20
6 7 2
1111111
1122271
1211521
1329131
1242121
1122211
3 3 7
123
234
345
10 10 89
8504989631
4105833795
6017479321
0240523820
1715113687
7863115171
0283250420
1239747106
5973385014
1369894058
3 3 11
000
000
000
10 10 29
1130331241
3462472472
4685785684
1350231341
3463363362
4775685675
1231240250
2453373563
4684584794
0151330251
10 10 31
8354646472
3744446644
4617340651
6445254459
4653937848
4571635357
5545143545
5373457448
0556264468
5921665945
10 10 32
0419900178
2685395715
0468579841
1472384503
6494923616
2218287181
4951302862
1283875139
7730851589
7314645841
10 10 64
5849966495
2001676820
2637455187
6583679339
8818907702
9283258769
6544833967
0452564454
6585802698
5652257653
10 10 15
8553474208
8423653545
2164452547
8244675303
4843656502
7237435441
5254454397
7588263094
3680017711
0855760491
10 10 30
7846946846
1503402303
4534625624
7846746847
1302503512
5534624624
7745956845
1402513302
4534533624
6956956945
10 10 100
9999999999
9999999999
9999999999
9999999999
9999999999
9999999999
9999999999
9999999999
9999999999
9999999999
10 10 100
7783303581
9417286102
1493460380
9587839309
7948868500
9349605645
9309202342
2336325195
1686568242
7379290646
10 10 11
6370447823
3236999543
4658482386
7471240440
0522745696
6965472250
0440421747
6832848564
3459996323
3287440736
10 10 78
2390401527
4238632765
9441542455
0483636373
5696527356
3484380634
7886625546
0103662473
9087452546
1771688952
10 10 7
5746855955
2413401503
4633733625
5755956845
3303412401
3535635634
6847855746
2413511311
5724524533
6846956955
10 10 20
7326444554
8763666446
1855265256
7952454335
1634445533
4956256444
0747366384
2113744642
7712417327
3253863443
3 3 47
851
317
804
10 10 34
6201140235
9740199187
8342216688
6286199406
9734981215
5121894379
6049916826
8866122438
7819910479
5320411026
10 10 75
4105223004
4292266954
0907919570
8775122736
2203608096
6908063022
6372215778
0759197090
4596622924
4003225014
10 10 19
1744635555
5476434654
1426233564
8434564334
8555484755
3462526344
3525253445
8385553563
8856354544
8018387670
