50
4 6 4
1 4 2 1
100 10 1
1
5 5 10
2 4 2 3 4 2 1 2 1 3
1 1 1
1
100 2 2
1 2
1000 100 10
4 3 9 1 2 5 6 9 1 10
1 10 10
4 3 4 1 2 5 6 9 1 10
1 10 9
1 1 1 1 1 1 1 1 1
1000 10 9
1 1 1 1 1 1 1 1 1
934 9 10
8 8 8 8 8 8 8 8 8 8
734 3 10
1 2 3 3 2 1 1 2 3 1
345 19 10
10 10 10 10 10 10 10 10 10 10
765 10 10
10 1 10 1 10 1 10 1 10 1
1000 100 10
10 10 10 10 10 10 10 10 10 10
734 20 10
1 2 3 4 5 6 7 8 9 10
631 16 10
10 9 8 7 6 5 4 3 2 1
2 13 7
3 2 9 7 6 10 7
4 13 8
9 10 1 7 9 3 9 7
3 5 9
5 3 4 3 5 1 2 3 1
4 7 7
7 7 6 1 1 2 2
479 13 9
2 6 3 7 6 9 8 6 5
716 14 10
9 10 1 7 9 1 8 1 3 1
190 7 10
6 3 3 2 7 3 1 6 2 1
807 5 9
1 1 3 2 5 3 3 5 4
6 25 9
9 10 9 10 4 2 8 1 8
7 25 10
1 8 8 2 5 9 8 2 4 2
8 27 10
6 5 4 4 10 4 3 1 5 4
9 27 9
5 6 10 10 3 2 7 1 3
32 18 8
9 8 9 7 7 7 9 6
163 23 10
6 5 8 5 8 9 8 5 8 5
132 19 8
5 7 9 8 6 9 6 5
312 46 8
5 5 6 8 8 9 6 7
411 19 10
6 5 9 8 5 9 7 9 9 8
353 45 8
9 5 9 7 9 7 8 6
268 34 8
8 5 6 5 8 7 7 9
747 46 10
7 8 7 8 9 5 8 9 8 7
481 20 9
6 7 5 7 7 6 9 6 9
53 99 7
9 7 9 8 9 9 7
580 72 7
8 9 5 9 9 8 8
580 82 6
9 8 8 6 5 5
400 25 7
5 8 7 7 7 7 8
702 93 7
5 9 7 9 5 7 8
451 28 5
6 8 9 5 8
383 93 8
9 8 6 9 6 5 8 6
653 8 7
8 8 8 6 7 8 6
722 58 6
8 9 9 6 8 9
387 78 6
5 8 9 6 7 8
919 74 9
7 5 8 9 6 8 5 5 6
462 79 5
9 8 6 8 6
630 59 8
9 6 8 7 8 6 7 6
