40
3 2 100
3 5 7
4 8 16
1 20 5 2
5 7705 9660
8482 3662 6497 9654 8647
5 9757 9877
6322 2260 5293 1557 1911
10 2 10000
15 30 11 1 10 5 6 7 2 3
5 6702 8237
1594 8782 2593 7099 7811
51 2486 4969
4970 4970 2485 2485 4970 4970 4970 4970 4970 2485 2485 2485 2485 4970 4970 2485 2485 4970 2485 2485 2485 4970 2485 2485 2485 4970 4970 4970 2485 4970 2485 2485 4970 4970 4970 4970 2485 2485 2485 4970 2485 4970 4970 4970 4970 2485 2485 2485 2485 4970 4970
5 126 7272
4046 218 2508 6937 8304
5 7965 9793
4247 3020 8811 3495 519
4 2 10000
17 3 49 4
5 6430 8520
9175 2121 4414 283 1446
5 2564 4005
2107 6539 7852 9961 5698
10 61 119
3 1080 5 4680 20 4320 2 30 1800 2520
51 731 1460
4380 146 146 4380 4380 4380 146 146 4380 146 4380 4380 4380 146 4380 146 146 4380 4380 4380 4380 4380 146 4380 4380 146 146 146 4380 4380 4380 146 146 4380 146 146 146 146 4380 4380 4380 146 146 146 4380 4380 146 146 4380 146 146
5 5549 7632
9889 8809 2905 5636 4035
5 8423 9989
3682 2765 49 4690 7615
7 5 10000
9822 9942 9762 9714 9978 9726 9678
5 5107 6743
5883 2815 7202 2398 5764
17 2 10000
8633 8633 1 1 8633 1 8633 1 8633 8633 8633 1 1 1 8633 1 8633
5 170 2257
1246 5117 3887 2309 9741
5 3580 8089
1325 8177 5818 3039 6998
3 2 50
3 5 75
10 2 10000
6 5 2310 1 11 3 10 2 7 15
50 2 10000
720 112 40 90 210 45 4 1008 560 420 30 60 7 20 315 72 180 48 360 18 1260 240 252 8 42 120 2520 10 5040 2 144 24 16 140 15 336 630 504 840 5 3 63 1 1680 105 35 12 21 126 9
10 8301 9961
20 332 10 5 2 415 4 830 83 166
2 5001 10000
2500 5000
5 4912 8552
7974 2586 6926 5973 1479
5 5423 6676
2766 609 8911 1154 596
5 9073 9362
307 8585 3617 2579 7987
100 17 48
5856 8448 4320 3888 4416 2208 5280 5136 912 2640 4464 8832 9648 1200 9936 8208 8352 7488 3504 4752 8976 6576 6528 3696 2160 8256 4560 4368 7056 2064 8880 1152 3408 4656 7728 7008 864 1920 3024 9792 3360 9264 2448 5952 7920 3216 1008 3120 4992 4128 5904 2880 6432 1728 4032 2016 9600 3552 8784 480 6864 9072 6144 7776 768 8688 9696 7296 9168 7584 4608 2928 960 1248 5712 9840 6384 1824 2784 9120 7632 5232 3312 5664 5088 9504 8928 8640 6768 528 5760 2976 5472 8496 2496 3840 624 7968 2832 3264
5 7523 8381
2190 1541 3128 9602 2955
10 61 119
4320 24 5040 2880 60 4 8640 40 10 3600
100 1 10000
699 2384 5740 8956 1579 1156 6794 8708 9778 2698 3378 3605 9380 4088 3918 6117 1246 7863 5971 6351 9771 4791 1482 9868 30 6283 4776 7457 2219 8379 2579 1097 8448 7078 90 5926 7987 1182 655 2344 1881 4844 2299 5253 2715 8272 2635 4394 2621 6698 1247 1991 5876 6809 3139 5579 5535 3612 3450 5949 2611 1143 1401 4706 8753 8911 945 9372 8758 6239 8603 4246 6274 6865 6333 9069 6069 5732 96 9669 3238 1990 8863 9594 8953 7175 5555 7376 5014 3658 822 4646 8755 3534 3597 4962 1796 4619 8370 6192
13 1 10000
9267 7666 7586 3223 9057 5709 5438 3149 6234 9059 8888 2791 6869
100 2 10000
1739 3196 282 658 2961 1128 235 3807 4183 188 3995 2491 2726 1081 4512 4324 2444 1410 1457 1175 1316 94 3243 1786 4559 564 705 1692 2820 3760 846 1222 987 4230 1551 2867 3384 1645 2162 1363 4277 2397 3337 2632 2068 4136 4606 799 611 2914 2256 3290 2303 752 2021 3478 4371 2209 1269 1927 376 2679 423 4465 2773 1598 3666 3149 4418 329 3713 2350 4653 3572 517 1974 1833 940 3008 4747 3055 2538 1880 3854 3102 3525 3948 3619 1034 893 470 1504 3431 4042 4700 141 2115 2585 4089 3901
5 8758 9500
293 2807 9183 2351 7463
6 2 10000
9929 9967 9973 9941 9931 9949
5 1716 3407
6734 6878 9728 4367 1244
5 2124 2125
2502 6210 3709 1256 9104
5 6480 8686
9421 3831 4988 5281 8235
