100
2 1
500 300
900
660
2 1
500 300
1500
809
2 2
50 100
450 449
1100 1101
2 1
500 300
300
500
1 8
10
11 13 17 11 16 14 12 18
2 8
7 9
27 29 63 33 27 56 77 42
54 39 81 34 33 99 43 72
1 8
9
2430 2550 2535 2639 2749 3069 2767 2700
2 3
9 5
990 1956 2700
946 1500 450
2 8
6 9
3000 1320 4767 597 2499 1762 3780 3630
6930 909 2501 7042 1620 5460 3911 4500
2 6
114465 325716
888471 758439 439949 961077 903626 157042
903530 897080 986375 957314 374015 905975
2 2
9 7
9 99
7 63
1 5
10
1000 22217 4686 2200 10512
2 8
494440 330188
742773 782158 897242 172331 992881 772631 500054 921627
624113 990758 900311 730018 716208 853352 922576 828940
1 4
3
24 33 24 3
2 8
8 4
18376 9600 3962 17031 10205 3520 4800 6480
1440 1945 8291 4800 8730 2400 4838 3960
2 2
1 3
1639 1623
4276 4633
1 4
3
5718 5400 4860 5132
2 5
170749 97755
769358 841006 593026 231707 715426
940344 839528 974654 588263 901909
1 5
9
1977 1676 1620 1824 1800
2 4
10 4
10 110 9 9
4 36 4 4
1 4
10
4400 943 1826 3062
1 7
4
9753 9113 9889 8837 9600 10560 9833
2 8
124896 150526
871334 774410 521869 683289 532064 961792 880070 896509
914797 555814 328923 998848 86686 952394 981410 392622
2 3
496999 290195
274686 413103 676095
722249 655713 769113
1 4
2
2 2 2 22
1 8
10
4000 4122 3649 3600 4042 4000 4008 4400
2 5
3 6
6897 7240 6601 7043 6237
15246 13794 12991 13086 14766
2 7
7 2
15689 6930 14630 12600 6300 4613 639
1620 4651 3420 3600 1800 200 1339
1 4
8
12498 12800 12128 13030
2 7
176162 546720
953513 135526 642933 769219 672338 986642 453385
923966 630886 728867 934551 958667 640072 936106
1 4
7
746 2800 2081 1343
1 7
10
11769 13126 10800 11976 10800 12000 12403
1 6
3
18 15 20 12 33 3
2 6
10 8
11 110 110 40 63 22
72 8 32 54 15 72
2 1
3 2
13
8
2 7
7 8
18303 9450 14138 13300 10750 6165 7560
19821 15200 13200 10560 11235 15404 6529
2 6
4 6
2000 1160 2627 428 1440 770
3000 2640 3762 1785 619 1129
2 8
6 10
13691 15237 13969 14583 15000 14237 13500 15000
27500 23631 27139 23659 23671 25000 25000 24826
2 4
6 4
2262 2261 2495 2160
1520 1760 1477 1704
2 8
4 10
22 21 12 8 11 36 16 36
110 50 41 30 28 110 54 19
1 6
7
7 7 7 7 77 77
1 2
8
4343 6160
1 8
7
3780 3982 4360 4161 4207 4214 4253 4575
1 1
7
77
2 8
1 9
1 1 1 11 1 1 1 1
9 9 9 9 9 9 81 9
2 8
7 9
5045 4461 1289 700 4200 2274 3833 2520
900 7215 5400 1626 4842 2477 3960 5838
2 8
2 6
3251 3546 3060 3510 3278 3402 3693 3078
10264 9650 10206 10137 11091 11286 11220 10436
1 2
6
600 13546
2 4
8 9
88 23 53 32
36 59 81 26
2 1
8 2
766
182
1 6
7
11259 11683 13090 11942 12848 11900
2 3
2 9
2198 2291 2119
10096 9891 9697
2 7
5 5
1500 1405 1521 1484 1500 1519 1650
1633 1368 1647 1389 1350 1500 1377
2 8
7 3
2785 16636 12600 2748 13671 15400 15400 5035
1082 7495 5400 6600 2184 5400 1173 6033
2 1
3 3
1800
1800
1 6
5
12500 12990 13750 11628 12361 12456
1 7
77927
684968 757699 906820 881510 972554 443375 899980
2 3
10 9
2790 3158 3000
2764 2700 3069
1 3
10
14793 23016 18000
2 2
9 8
5223 5364
4768 4627
1 3
10
90 56 70
2 4
312093 266757
739198 958385 836027 969396
448538 639547 802094 810154
1 6
4
2314 1600 769 1080 378 2182
1 1
3
300
1 8
5
6654 9000 9338 1350 3489 8140 10450 12000
1 5
235412
999864 675724 890597 877680 821398
2 8
8 4
8 8 72 8 8 8 8 8
44 4 4 4 4 4 4 4
1 6
5773
874262 999036 833292 529354 994021 643444
1 5
8
60 40 88 45 35
1 8
10
1 8 6 2 3 7 5 4
2 8
9094 214415
766455 451780 570298 765407 467492 917298 869621 824136
811960 352819 517080 980258 494459 687641 798607 892068
2 6
9 9
24403 20790 15970 3600 21600 18304
17832 17010 21600 17303 3600 23158
2 8
8 9
871 5078 5367 2400 3520 6400 1517 4060
3240 5458 7200 2700 823 4854 1750 6177
1 7
8
88 16 56 32 52 88 26
1 3
1000000
899999 900000 900001
2 8
593665 33501
888748 949700 858204 851881 861110 957594 843459 670256
884142 275378 447402 151000 995360 951156 978746 704795
2 3
2 1
780 5500 4089
2121 396 2250
2 4
8 6
56 88 62 65
48 42 54 49
2 3
74142 521554
980614 989266 877567
822470 961025 922533
1 3
5
5 55 10
2 8
1 7
201 2310 1700 546 1700 1821 1485 1963
10412 12738 1420 3727 12729 13230 11233 11900
1 8
8
15968 14400 16268 14559 15056 17371 16443 15419
2 7
9 1
18809 17248 16531 17964 17543 19515 19899
1958 2181 2110 1963 1996 1809 1973
1 2
4
26 4
1 5
7
15346 2100 14490 4583 2076
2 8
1 1
1000000 999999 999998 999997 999996 999995 999994 999993
999992 999991 999990 999989 999988 999987 999986 999985
1 7
3
1526 2100 819 1080 306 1638 600
1 5
213493
445977 934251 948387 978969 997730
2 4
8 2
2507 3069 800 1602
777 420 200 587
2 6
6 5
7200 11566 6480 1221 10863 13200
11000 1081 9080 6600 8346 6000
2 4
2 10
4000 4400 4048 3973
19203 20000 18000 21255
1 1
4
400
2 6
5872 162157
859940 673469 934415 799261 880155 956601
822443 781777 934317 654005 919465 542986
1 3
10
22971 18900 22127
2 4
161145 15471
925415 709916 765636 935477
636158 270595 884706 733938
2 8
5 7
1520 1629 1397 1503 1561 1450 1650 1475
1983 2252 2236 2065 2199 2128 1890 2099
2 8
4 6
5600 5918 6094 5563 5600 5371 6155 6160
7855 7560 8420 8400 8575 8400 9082 7593
1 4
2
660 610 592 631
2 7
10 4
7569 948 5799 2098 4500 4036 3000
2200 853 398 1708 1200 2383 2673
1 5
9
10344 9594 9526 9936 10890
