100
2 1
500 300
900
660
2 1
500 300
1500
809
2 2
50 100
450 449
1100 1101
2 1
500 300
300
500
1 8
10
11 13 17 11 16 14 12 18
1 1
3
4950
1 3
7
4620 10702 5600
1 4
7
9905 13860 7000 651
2 8
6 7
6 6 6 6 66 6 6 54
7 7 77 7 63 7 7 7
1 4
3
1731 2778 3780 5293
1 3
10
2862 2200 1000
2 7
6 10
2301 3392 1980 3000 600 4610 1241
5485 2700 2083 5000 3761 931 7172
2 1
8 1
2880
440
1 7
6
45 12 30 6 30 25 66
2 6
10 3
9000 10030 10000 10144 9373 9678
3009 3000 2956 3068 3019 3300
1 4
10
32 90 58 47
1 7
8
7794 8741 8000 8450 8000 7905 8800
1 1
9
6930
2 5
1 4
1 9 1 1 1
4 44 4 4 4
2 8
1 7
6 4 4 2 11 9 2 1
7 14 14 42 28 63 29 77
1 3
5
1000 1650 516
2 6
400410 175242
710546 173396 594152 920234 866051 561031
996617 900370 979148 895834 534518 454981
1 7
7
9240 11911 10441 16708 17500 15392 7196
2 7
2 4
3678 4000 4400 3836 4000 4230 3600
8800 8000 7200 8005 8000 7585 7442
1 1
8
14400
2 5
5 7
550 918 1514 2000 2432
2800 3492 630 1278 2303
1 5
10
7945 8567 7200 8000 8220
1 8
6
25 36 41 36 6 54 33 47
1 1
10
917
2 8
9 10
9312 15513 5513 24750 16830 934 18858 10800
6202 12041 20638 15300 16772 22500 1012 12000
1 4
8
2551 1760 3200 786
1 3
67287
800192 910194 413895
1 2
7
14700 16170
2 3
1 9
2141 2530 1954
18233 16206 18630
2 8
8 2
3838 12580 2400 6778 3600 1600 16000 862
3282 600 3824 212 1100 965 1693 400
1 8
34523
906741 654849 656659 843147 415770 47783 947988 721725
1 3
5
9008 8505 8152
2 8
10 4
32 74 84 81 77 90 46 20
12 33 8 29 44 18 33 28
2 1
9 10
19949
22362
2 6
3827 921203
998447 430661 901754 812311 848296 571164
960768 705568 282912 877369 968224 605720
2 6
26820 392605
323506 708097 995547 826893 978064 782236
336605 894910 924223 996575 843788 960316
1 5
6
54 6 6 6 6
2 5
80166 29671
948139 531941 228454 802826 806343
801696 897519 708985 895204 767145
2 8
2 5
1167 1258 1100 1080 1196 1206 1121 1080
2947 2990 3131 3300 2707 3300 3043 3190
2 8
9 10
9521 9900 8910 9463 9789 8966 10489 10890
10927 10807 11095 10827 12100 9900 11000 10255
2 8
1 1
1000000 999999 999998 999997 999996 999995 999994 999993
999992 999991 999990 999989 999988 999987 999986 999985
1 8
243947
509720 385464 955428 450635 519835 904506 840765 155379
2 1
5 7
3609
5164
2 6
8 2
1607 800 3506 2160 4800 3664
910 660 438 731 1200 200
1 3
329666
727420 687693 992853
2 5
9 6
858 4750 3864 2970 1800
3070 1620 2388 1200 584
2 8
5 2
3000 1420 11111 12500 7200 5127 9186 13750
3520 593 1200 3553 4356 5000 4500 2237
2 4
3 9
23 3 33 9
9 67 81 27
1 4
2
4 10 22 10
2 8
4344 113561
925594 884589 993877 974421 833926 830015 559099 582061
522354 865782 760031 697688 576137 590943 539155 973602
2 6
10 1
900 903 990 921 970 1062
97 100 88 121 110 112
1 7
353639
736193 985370 635058 963949 886348 980603 815678
1 8
387798
607463 606335 798256 971435 403290 250192 705993 743179
1 5
235412
877680 675724 821398 890597 999864
1 8
6
24 50 27 11 48 66 50 29
1 3
40460
129775 334522 996534
1 7
2
1489 1396 1540 1420 1412 1287 1400
2 8
3 3
1456 2300 1620 2100 330 1222 830 600
1411 600 2100 1980 270 2294 1291 868
2 2
7 7
7053 16170
13230 7608
2 5
1 10
2310 1935 2100 2285 2163
18900 21701 21000 19298 21246
2 5
8 6
4616 4800 4320 5191 4819
3478 3600 3960 3554 3771
1 5
6
12392 13194 14219 11969 11934
1 3
7
77 28 49
1 3
1000000
899999 900001 900000
1 6
2
10 14 11 14 6 18
2 8
3 2
6347 7260 6600 6517 6716 6548 7053 6873
4353 4501 4400 4702 4274 4220 4065 3960
1 5
10
14000 14083 15092 15400 12732
2 8
1 10
6 1 9 6 4 3 2 4
60 42 29 20 9 60 110 44
2 2
7 10
1322 630
1100 1867
2 3
10 9
2017 925 3000
2700 983 1933
1 2
6
1320 561
1 8
2
2880 2973 3504 3082 3439 2880 3200 3200
2 5
8 6
1611 3296 776 2400 4400
1800 548 2700 1304 2561
1 6
4
4701 4780 4878 5280 5324 4397
2 8
711991 233327
766305 821043 973805 933026 649990 955495 664737 910572
873505 718441 271403 958448 852927 980301 742148 776718
2 2
10 10
12035 12000
12000 10979
2 2
4 7
4 44
7 63
1 1
2
16
2 8
1 7
1267 1200 1141 1149 1320 1291 1123 1200
9163 7560 8400 8091 8400 7940 9027 8741
2 4
3 5
2237 1931 2343 2106
3510 3195 3645 3458
1 8
6
3103 600 13152 3498 1080 8777 10800 1651
2 6
5 5
1650 1605 1384 1500 1592 1644
1600 1350 1500 1606 1367 1586
2 8
10 5
6843 7527 6960 7036 7457 6567 7010 7700
3480 3150 3586 3396 3443 3217 3659 3505
1 6
3
6665 7920 7649 7321 7209 6925
1 7
7
53 77 77 7 30 49 28
1 4
6
11082 9720 9761 10800
1 1
5
45
1 8
6
41 54 36 66 6 38 24 26
2 8
4 8
44 4 4 4 4 4 4 4
8 72 8 8 8 8 8 8
1 5
9
11880 18900 18867 1842 14383
1 2
6
7654 6002
2 6
596544 495691
920040 616846 594988 422513 903592 844567
562609 864899 575044 377522 182762 939622
1 8
10
8 6 3 5 1 7 2 4
2 8
7 8
3500 4763 5623 2972 1297 630 2173 3780
880 3136 1487 6744 2558 4000 5087 5280
2 8
88001 274383
996756 945873 937926 956613 997026 799651 982447 952313
966378 851865 538945 990284 415173 311040 870055 979892
