100
2 1
500 300
900
660
2 1
500 300
1500
809
2 2
50 100
450 449
1100 1101
2 1
500 300
300
500
1 8
10
11 13 17 11 16 14 12 18
2 8
8 10
8828 8712 9640 10209 10449 9867 9486 9624
12050 11277 13310 12615 11290 12030 11566 12223
1 1
211207
476067
1 8
10
6 8 1 3 7 2 5 4
2 8
6 2
12469 12920 12883 11957 12000 13200 10800 11424
3857 4000 3658 4163 4364 3600 4400 3644
2 6
1 1
1620 1786 1800 1663 1866 1836
1814 1800 1656 1759 1948 1980
2 8
2 6
384 900 1309 800 214 1458 558 1380
629 1270 3300 1783 4082 2400 3883 4663
2 3
10 5
19931 23512 18000
9000 13262 10518
1 5
10
3300 13000 7415 10435 11945
2 8
10 5
70 64 9 110 62 40 30 11
5 15 35 20 5 28 30 45
2 1
45075 146809
969710
923509
1 2
3
19 19
1 5
563655
646630 243984 626771 985920 544730
2 4
10 4
30 22 79 90
44 30 12 8
1 2
9
13295 21600
2 7
10 6
6000 3857 2075 1000 6732 4500 3210
600 1199 3600 2194 3300 1804 4607
2 4
2 1
3582 3960 3620 3633
1855 1753 1620 1975
2 3
7 8
2520 5040 9442
10405 2919 7040
1 5
1
2200 360 2299 1100 384
2 3
10 10
11705 14410 11671
11790 12648 13426
2 3
8 7
16790 17600 19360
13860 14715 15400
1 4
1
2087 2200 2016 1911
1 6
4
19 32 8 22 44 11
2 5
133653 594380
707696 904993 844317 969768 916577
462526 645683 954567 502029 970849
1 8
20614
897988 975523 871682 495645 942667 912420 984954 713510
2 4
7 3
7 63 7 7
33 3 3 3
1 5
235412
999864 890597 877680 821398 675724
2 5
6 5
44 24 45 19 66
16 36 45 20 44
2 8
2 7
180 1600 1320 1517 600 876 948 420
2100 5600 2646 3780 3185 770 1510 5195
2 8
8 10
2160 1473 3245 7040 4800 5533 800 3714
4021 3300 6337 6000 7200 1000 4633 1983
2 5
6 10
1080 1214 1200 1188 1261
1980 2133 2168 2200 2005
2 1
3 5
6511
11476
1 1
5
7000
1 1
3
1791
2 8
4 1
4690 4935 5323 5200 5280 4680 5200 5396
1196 1430 1300 1300 1384 1219 1380 1355
2 8
5 5
1590 1519 1350 1365 1510 1495 1428 1455
1510 1372 1650 1376 1465 1565 1651 1619
2 8
61740 247796
992258 951920 722032 935875 547339 934446 699724 999999
872068 306401 873083 887316 165182 962859 961814 967382
2 8
8 8
12578 13002 13206 11971 12224 12901 12808 11520
11889 14080 11984 12808 12771 13321 13875 12551
1 4
5
1800 1000 489 1514
2 6
8 1
2446 2160 2589 2486 2360 2298
282 330 313 295 302 271
1 3
3
21 27 16
2 4
5 3
35 14 27 36
16 20 9 21
1 5
2
2700 3000 2731 3071 2766
2 8
10 2
10 90 9 110 10 11 10 11
2 2 2 2 2 2 22 18
1 2
1
1 1
1 8
2
1244 720 600 433 1478 984 1600 181
1 8
69681
964203 339640 995144 880292 836655 986567 957602 827978
2 5
8 1
9547 7992 8298 8297 8816
1194 1102 1221 1065 1010
1 5
2
600 776 209 1100 385
2 6
8 9
1466 800 4000 2640 3212 5212
5931 975 1721 2430 4500 3604
1 1
6
628
2 2
5 3
10 34
6 20
2 8
98902 189169
905642 761816 614833 880793 281754 953186 449980 970709
949241 843251 995112 912002 919914 828165 440346 775890
2 7
8 7
72 32 16 45 56 51 60
13 51 44 49 40 28 77
2 3
9183 25537
721506 986561 937763
652696 674613 602265
2 4
2 9
4546 3000 1043 2700
14850 19711 4701 13500
2 3
6 6
6182 6258 5614
6415 5821 6312
1 6
5
7150 6500 6792 6216 7150 5968
1 3
4
29 8 29
1 4
9
4773 9811 16321 16200
1 4
6
1320 624 1800 2405
1 1
7
630
1 5
8
1440 1615 1472 1647 1624
1 2
3
1650 1473
2 7
7 3
5836 2000 17710 14206 9800 16800 1478
4200 7200 831 6123 2207 644 6210
1 8
2
3452 1685 2520 2520 2234 4000 3600 2884
2 8
2 5
2000 2346 3240 4687 3588 5054 2719 2340
6553 11142 7150 12677 9323 6384 9900 5000
2 5
8 7
1440 1567 1680 1747 1600
1295 1400 1540 1424 1386
2 2
406866 235096
757999 996587
893353 845861
2 8
4 4
3825 1154 6311 1080 7985 1684 8800 6212
6023 6097 1669 1320 8800 1144 4222 8714
1 8
2
2 22 2 2 2 2 18 2
2 5
2 4
600 735 408 902 220
858 360 1200 1991 1563
1 3
314302
921933 577522 584358
1 8
9
81 9 9 9 81 9 9 9
2 8
10 3
10 110 10 10 10 10 10 10
27 3 3 3 3 3 3 3
2 2
182620 32864
740984 430426
469757 879259
2 8
21222 652301
576323 634991 162012 494692 832702 393267 952461 494357
347092 829439 902821 499929 584866 636456 497760 831708
2 2
7 6
13242 12996
10887 12032
2 8
1 1
1000000 999999 999998 999997 999996 999995 999994 999993
999992 999991 999990 999989 999988 999987 999986 999985
1 3
1000000
899999 900001 900000
1 8
6
8816 9196 9900 9000 9169 8100 8130 9000
2 5
5 1
7000 7700 6303 6385 7169
1400 1324 1421 1437 1260
2 5
21897 1009
994576 802029 937929 885730 983346
572541 483498 962704 735736 808508
2 6
10 2
21 40 20 37 11 110
2 18 8 8 4 4
2 8
8 5
816 862 781 820 968 855 745 968
492 495 510 469 488 510 500 495
2 8
5 5
29 45 33 25 25 45 20 37
29 35 35 25 25 55 22 55
2 1
4 4
4962
4914
1 6
5
19 45 10 22 25 28
2 4
3 7
6600 3469 1714 5940
15400 7980 3863 11340
2 1
1 3
300
900
2 5
2 8
2600 2461 2609 2340 2696
11050 9409 10400 9493 11440
1 2
10
1019 1816
2 4
10 8
24865 22980 22291 20700
18384 20240 19117 17146
2 8
15061 65877
957403 978893 127262 517155 916776 917624 862473 988686
689763 821890 921438 825886 871804 478483 585332 876927
1 7
6
3292 2160 646 1200 3203 4200 1731
1 6
3
27 3 3 3 3 3
