605
3816157242
1
4
21
25
26
27
28
29
30
31
32
33
34
35
36
37
38
39
40
41
42
43
44
45
46
47
48
49
50
51
52
53
54
55
56
57
58
59
60
61
62
63
64
65
66
67
68
69
70
71
72
73
74
75
76
77
78
79
80
81
82
83
84
85
86
87
88
89
90
91
92
93
94
95
96
97
98
99
100
101
102
103
104
105
106
107
108
109
110
111
112
113
114
115
116
117
118
119
120
121
122
123
124
6706695681
9966866541
5115615973
1943804253
6961114657
6224474501
4418709377
3592009025
173731788
4089103405
4439542361
3083100445
5449769017
1959703601
7255195159
5902253201
5614605176
2728826609
488172781
1556962993
5456451351
573043041
1088254601
6599381011
9319215611
5737595633
941005577
7413578237
6707431261
4296566273
2899131225
9419724561
323743681
8731983834
2025170001
3269453321
446341541
5336033573
722404177
4900780801
2010521617
5026864591
6792394859
3914621181
4940544001
2389368705
8687255229
9618558241
2349409825
8799801601
8589023451
2103824464
8480281601
7063616601
342132801
3150346941
4879375035
8225690521
9369241033
6991997865
2662823997
1027334549
5233104041
509946113
8068601761
4492700356
9822212161
5817940033
1447663401
8915829167
7950810701
5615977479
9144660101
31825417
7261886721
7729640859
322839577
8444544641
2555133453
4924609857
406634889
8119760121
5207588201
4703170361
3815144695
1855343909
798133761
4842373961
6092234081
2235799521
3516973361
9438908033
4408842305
9411739361
2374680673
5486637101
4415559673
2142108329
1390746756
4510326001
2061496521
1464561597
3377668833
7727536577
2184768317
4595985098
2854687841
4181125025
2743699833
8619012087
8462257601
9954961697
3647599985
863582657
1353769082
8582159779
528678081
5513629089
7791139641
488687041
1303132426
5650984201
4183383297
9247305601
6097535457
9724720801
9502345573
8391558279
9865937921
5560025709
1491233746
2263983296
2509134985
1548379335
1744384263
1335746065
1639285249
63926901
3657235601
3118449067
5843309953
1428927121
121314362
9132061761
2242782641
2213647653
4295656541
4005516497
2695531784
1823176969
1447496001
1356155805
7203411001
7552957953
6504071605
6508415489
4331919481
9408185671
8623859801
605810641
4961617046
7303177681
1061732841
5810383617
4816549891
5270807657
7408531001
4676546681
548281201
298951121
9074172607
9547795409
5660272761
2218922144
4807651201
1263667929
7849406465
1908301409
7291830001
2778878064
225251185
7190887938
909316741
2333458881
2311629097
2087868551
9052984788
8485473281
7318127396
8552307891
5248682025
992329521
1641887969
3839578767
9743863593
983437829
8957249121
9208192531
5478001361
819758341
6120359881
6935561301
2496096229
8569176465
2172882497
6443350281
7958069569
8580979112
8376215985
5048202266
3149709126
2546651976
467301801
4481383345
1139151003
4755942569
9995962261
9017303601
6347265476
8933366497
1906630553
2080873101
2866478434
8212735601
9275084143
8297165593
6745357801
7977987845
4223342929
1434645782
790817699
5744303151
3249295716
649249941
9095177825
6180197969
3481192797
7446739825
3566883201
8780967076
7726590673
3265800897
7172737501
4728386137
7591131251
2928378101
1759837313
2610490497
8856926876
4177395834
10000000000
1646898402
1056533282
5754071684
1494826124
7193312404
1113836799
2374487642
3746631042
4354995672
325968634
3920665474
3455436410
2511493642
2608165618
217351842
2776760432
1413161647
3711120982
125769862
440320002
1519736020
868164002
2348589762
2331695352
415015364
4913268722
322127110
334483218
82818450
1387085746
1095104612
3517888482
665677402
2105033032
1230827602
1730705902
5234162024
2122520877
3690978024
4732352505
2416466802
654696784
2097033918
3925480067
3419356210
2839749777
1670433002
287567964
2351376802
694775906
502440834
455535574
9611082540
3161187916
1527514282
1257309312
2937761876
4362546210
3511509106
4568697244
4473511042
2572180658
3900900350
1920699138
2151786122
1149288922
1417221602
3674810918
3524925522
4604854052
192648054
930994414
1645155898
2949296482
3662229402
3259124292
2726682002
781668952
3018108514
6144490308
2608517916
2103904004
3028980652
7733303036
1365466562
6812035684
8170490972
4084556017
4945522542
1085886170
1359124802
12737962
2388713522
4017648614
150936399
4708226318
4889861802
3679732482
4847297712
1172442882
32742062
7808416
35789278
86198160
5216127
13824440
1235819728
181608180
2178341640
178037376
34942032
34899286
1141753984
303314970
75945186
1098724160
976256911
342960768
2133996
1080405850
1324859946
1295559136
810286680
561871674
37744416
1044955314
113706135
113972842
148788618
9941910
524366946
87169282
850624179
531900606
264788442
3963856
805813158
23464382
891579185
1564416
87784840
56320146
517301638
618563058
269721568
48076700
643659250
35492688
40902400
6260500
3856093
692159013
293373460
10482870
484131970
714202788
755370462
380391424
777843372
139490169
666329464
1031929444
105276326
216368790
99943416
1040742832
373681216
207976835
1030308565
7440417
61624270
36350496
64187240
781600720
14016
847216588
5305134
768022460
7301856
1150853806
227586204
359595418
173252352
2630824
144015537
728774664
697032224
1992769776
10115023
11903804
197241616
1241639728
501342776
77843808
218746002
572721436
1660315119
106300782
537969729
543256000
1137420164
7177787307
2438984978
5227688921
2439433490
7500014075
2670893554
3253382918
324547984
4729075505
7236990443
5107850265
5571686501
5680370325
3176207738
7110842315
7889139927
2357641826
5448399429
7993834615
927286744
2732078730
1865865708
3957094318
7651287079
4241659518
2609554354
6096489901
1352061460
7343106907
5740439765
3249302278
7530173959
5601261413
1238538020
1356158484
2253395138
1004091320
5309545593
6921110131
7899903703
7854889047
3549967254
5815405237
1322604260
5615663845
7991366775
1370139412
2569177394
7546771207
