100
1
2
7
14
49
9
17
76
2888
27
999997790472
999997790472
999997790472
999997790472
999997790472
999997790472
999997790472
999997790472
999997790472
999997790472
999997790472
999997790472
999997790472
999997790472
999997790472
999997790472
999997790472
999997790472
999997790472
999997790472
999997790472
999997790472
999997790472
999997790472
999997790472
999997790472
999997790472
999997790472
999997790472
999997790472
999997790472
999997790472
999997790472
999997790472
999997790472
999997790472
999997790472
999997790472
999997790472
999997790472
999997790472
999997790472
999997790472
999997790472
999997790472
999997790472
999997790472
999997790472
999997790472
999997790472
999997790472
999997790472
999997790472
999997790472
999997790472
999997790472
999997790472
999997790472
999997790472
999997790472
999997790472
999997790472
999997790472
999997790472
999997790472
999997790472
999997790472
999997790472
999997790472
999997790472
999997790472
999997790472
999997790472
999997790472
999997790472
999997790472
999997790472
999997790472
999997790472
999997790472
999997790472
999997790472
999997790472
999997790472
999997790472
999997790472
999997790472
999997790472
999997790472
999997790472
