1000
3
1 3 -5
1 -2 4
5
3 1 4 2 5
0 1 1 1 0
4
-845 -656 842 383
-571 914 -496 390
8
-801 818 917 -964 8 -301 -856 880
805 -53 -269 946 -946 960 856 962
8
992 -935 -612 731 -982 920 -936 472
-65 -626 -917 -727 666 -900 -741 -411
2
-996 417
279 396
6
-829 -965 -897 -737 74 -660
983 -836 -618 -227 -350 772
6
-273 442 909 -338 -811 -640
436 678 -926 -794 -277 816
6
-301 -253 111 -206 -674 159
44 -210 1 119 -20 -983
6
464 -693 0 -993 -691 854
-663 179 944 754 -53 960
4
163 138 -618 -220
190 977 810 -256
6
-145 -738 512 579 -171 -217
463 -255 -117 -40 -113 -262
2
872 24
474 951
5
-913 -52 -199 886 -945
-826 -971 -811 -903 818
8
-802 301 532 -314 881 938 -585 342
70 -31 192 -353 -319 569 -701 582
4
-799 132 773 699
856 -758 -979 609
8
-724 -710 -650 -929 -765 545 395 -585
-958 169 883 -640 -982 679 344 -526
5
573 -234 -32 46 -293
496 509 -22 168 835
8
547 -896 380 660 -975 100 -474 -944
-196 536 490 486 -821 224 -201 -494
8
926 85 974 -932 156 418 -657 -621
660 -361 -458 925 -984 837 -966 62
8
-627 692 -135 504 347 -931 -136 -556
-387 -325 -919 -772 -929 312 -826 -43
3
-203 -321 -502
665 -738 -754
7
651 -812 -318 16 678 995 292
723 939 -694 -793 450 -116 941
5
754 -323 469 470 -554
-173 -125 -214 -70 -457
6
940 -712 -311 610 316 833
898 616 814 -876 674 -953
6
11 -415 17 715 804 -312
896 456 -148 462 -99 -983
5
736 -425 518 321 801
827 -903 1000 -40 298
8
792 -806 748 -926 963 943 693 -527
749 -348 -4 285 -811 331 -436 997
4
-276 548 -209 -41
322 726 566 590
5
123 -121 367 90 160
107 -170 -733 715 798
7
-716 -920 -353 982 -606 -868 432
946 79 -305 -679 -790 -813 -979
5
5 993 -787 613 -989
654 158 637 -928 453
6
640 764 -767 635 596 800
873 928 -486 -941 -833 335
8
-875 533 465 100 169 -916 -196 -184
925 735 578 -95 -565 911 397 501
6
-710 811 210 -677 -875 -697
-674 625 -678 902 -999 383
7
153 -135 997 326 -947 -263 -872
938 113 503 -905 384 911 -134
4
-473 783 383 884
830 -862 -743 678
6
-772 666 763 -873 -715 829
-512 920 793 -529 -670 936
3
-37 64 187
-342 -577 -44
6
125 -353 544 396 759 311
594 144 59 95 448 576
8
-127 -425 -725 -536 557 -75 94 177
-509 -598 -312 -442 -294 -146 539 -825
7
-169 -193 -492 -472 -923 -872 -1
97 690 -36 760 -872 -838 218
8
995 -538 -504 214 -889 -387 317 6
914 194 734 156 -14 -657 32 96
7
119 782 -325 -7 992 -379 -362
135 -80 -589 -35 -603 -624 -437
2
789 498
-184 603
3
-284 -610 652
130 792 40
3
953 580 386
-590 849 727
3
-679 698 321
712 -983 -403
5
-716 721 59 -189 -508
16 909 -267 -636 -944
7
730 949 -585 -238 -982 -976 477
878 -858 769 -765 914 846 926
1
370
958
8
892 -886 -237 -968 -387 -310 -525 77
-706 -986 372 -899 533 531 657 936
8
-25 -452 -817 375 573 124 442 668
-633 755 -672 556 -215 841 455 -781
4
-89 472 -369 262
546 -789 -159 849
1
-766
302
1
874
-686
2
-22 -53
513 957
5
-903 -710 -366 739 964
855 -920 993 -414 -833
6
-898 965 860 -877 669 136
-894 -307 523 -808 949 710
7
-934 816 934 549 532 -167 -946
101 -289 115 -333 597 -629 747
4
599 574 670 766
169 707 922 494
6
-221 -381 -535 319 -11 -253
-279 -728 -169 -478 -587 777
4
410 762 470 -455
951 -804 726 849
6
640 -469 751 -80 379 -281
976 -939 420 228 349 292
5
-373 174 340 851 836
985 -383 -684 -963 221
3
-895 -176 297
169 279 128
3
386 -683 901
871 -385 814
4
770 -458 946 651
742 391 -647 401
7
589 -305 -353 507 -839 -322 -490
-160 -115 -512 704 -240 -372 889
7
916 -968 -944 -888 608 -482 -916
-904 903 468 659 -639 447 -391
8
362 233 761 -933 -508 -855 691 868
878 691 900 938 269 -835 -40 712
3
-501 -712 -588
694 844 -324
8
980 118 732 344 -695 -746 -747 -222
39 828 -999 828 441 205 -85 594
1
-903
-472
8
-195 -838 791 636 48 240 431 -143
916 264 662 -573 87 528 441 -70
2
-193 -678
461 -571
5
-490 409 -509 901 928
-553 -541 -849 -982 -635
6
-418 -554 -447 511 -742 -310
684 120 -409 322 49 -58
8
374 -325 645 -531 828 -538 43 267
80 95 812 955 554 -288 856 -264
4
-285 -357 740 395
166 -323 -541 -775
6
2 -122 377 485 -817 132
438 712 -383 -943 770 -706
8
449 -985 56 -580 590 -679 821 -861
-926 427 -719 -976 993 343 127 -532
8
650 422 -912 951 -319 -514 461 -113
407 -37 -246 380 267 450 -824 -999
3
-336 -945 -597
-912 857 -824
5
362 976 -916 -899 816
964 -924 -552 -367 136
6
986 -676 883 -117 897 760
-132 -538 -727 -816 -813 -686
7
-122 -560 167 -939 542 192 958
-40 123 -854 -4 913 -67 419
6
-422 -972 -129 708 929 -189
-703 942 -798 -133 567 -770
8
-169 -613 -983 367 -252 -174 175 786
-190 387 -500 900 -920 -861 -667 -884
6
654 882 -731 -489 -719 547
-219 -835 -772 170 -734 171
6
255 -402 -274 106 -312 125
65 -58 628 -24 821 552
7
-453 214 -34 53 286 -754 -440
959 -168 87 404 429 -535 -125
8
-526 601 655 979 958 -959 16 -492
-695 -913 720 -89 459 318 752 177
3
-3 543 -824
844 -134 -356
8
900 244 -841 784 903 -813 30 25
-696 -28 -846 328 -441 -846 -657 186
6
-535 -806 -141 -118 -93 271
-612 -176 277 495 662 403
7
852 778 -761 -981 -476 -912 306
-306 412 469 871 874 521 944
8
-799 701 -880 737 961 -979 904 -726
-862 -664 -118 962 828 -111 -677 -845
5
-68 376 -45 706 -521
70 40 -293 -288 358
4
798 401 933 889
-698 -534 384 -860
7
-961 836 4 584 470 883 -895
-997 866 -570 -727 814 748 -462
8
-470 303 -580 -258 255 60 374 397
23 -589 837 224 365 -293 -197 -38
7
-440 748 691 930 973 761 -791
572 375 806 -869 -944 -156 -359
5
201 -608 175 -100 56
-393 -842 143 -455 -124
7
-736 82 826 775 -897 655 -31
57 -291 -574 678 -512 -369 258
7
672 824 147 -332 79 565 89
-770 910 647 -956 657 -873 -883
7
675 9 811 -890 -129 886 -645
296 -44 43 -760 -392 -290 -618
6
478 -191 318 951 -974 94
546 969 -388 -548 -364 -679
4
655 784 788 -121
-831 -491 -667 -574
6
-392 520 -636 -160 252 151
242 336 241 247 644 -176
7
-857 -559 -890 -558 -679 556 508
665 -939 977 516 962 -416 902
5
98 -542 329 346 291
-498 465 933 -449 891
5
-612 203 -615 980 552
924 794 -233 377 710
6
-984 -325 -296 -933 -970 774
328 -988 -544 -793 -975 -879
8
222 773 -816 484 855 838 -673 641
878 -806 399 910 985 435 -574 -528
6
-583 -184 164 256 480 8
-260 788 27 119 -119 -98
3
91 53 275
-845 -890 417
6
788 -947 655 -930 -419 528
-384 -423 947 -950 308 627
4
-813 -193 123 139
969 -673 149 -643
4
-686 511 924 606
-964 707 931 11
8
-480 -186 -318 333 37 412 -275 -151
-130 -242 -631 136 -431 -194 177 -888
2
-20 -80
400 -559
7
-383 -250 70 240 286 -473 23
326 -457 -869 55 7 193 -467
5
-365 357 -349 311 592
244 240 -20 -827 746
6
-229 116 -304 925 916 -767
-671 491 -771 799 742 145
8
396 85 464 -408 -174 332 727 -121
-573 -554 -300 -197 -443 -210 -4 -658
8
-769 -442 159 182 258 -462 584 586
-705 37 785 -490 32 -3 323 469
6
6 708 341 751 594 -139
-757 -332 161 -898 770 932
5
-52 623 661 -112 -778
150 412 -245 250 32
7
-689 854 -892 664 582 -961 226
423 -20 -487 836 -968 885 445
6
-733 -753 393 -524 -612 646
-809 378 -677 508 -665 23
5
-346 -985 915 -426 -991
789 -571 -514 277 -786
5
-257 743 29 603 348
-271 534 435 685 -12
3
-229 40 416
-384 -283 -13
7
-916 950 -423 -585 -947 -489 964
902 596 -489 693 201 695 -194
5
563 -988 -261 -789 -970
-861 -536 830 899 -844
4
945 -881 -438 -178
-942 -887 764 -846
6
773 534 322 -584 -80 -242
75 225 283 560 936 -517
8
-446 -912 867 -986 929 -503 519 933
881 -150 -927 970 705 153 824 755
8
394 742 56 -575 246 764 775 187
151 -791 -675 584 -320 625 -53 617
8
-48 787 -914 -331 361 663 154 -204
992 -380 968 818 -893 -45 414 -655
7
101 381 70 436 158 -903 -441
145 183 -206 -804 279 231 -111
7
-897 190 20 233 906 325 -754
-862 -17 514 17 928 525 39
7
287 313 181 614 695 615 153
-205 -371 268 203 -52 29 21
8
-249 965 980 269 -757 -907 -881 -142
171 668 -962 906 942 -576 360 -974
8
765 -929 -930 653 707 875 -494 -928
871 -916 897 281 688 337 -987 549
6
771 218 78 385 75 -256
-231 325 360 55 -626 -119
8
973 -879 702 804 -627 -176 -497 -492
180 -603 -427 898 -119 -396 473 -781
3
-978 -496 -641
-480 -21 990
8
-849 573 552 736 966 -251 775 -748
-975 671 -996 762 -974 -820 -669 160
8
-255 392 -722 -859 -984 -651 928 187
998 202 -617 -869 29 -948 -448 735
4
371 767 15 -349
-324 773 -506 -386
8
-451 -839 719 891 936 875 -858 717
-831 643 -857 -381 -868 629 672 -700
4
-324 -852 817 25
329 937 472 980
8
-551 -580 92 -414 -832 -649 561 -821
-365 -839 974 -691 923 814 -931 987
2
-665 894
83 -439
8
0 -1 -1 -1 0 0 0 1
-735 -672 208 773 -734 720 -713 -612
5
-733 879 501 128 261
954 996 -829 -906 -434
2
0 15
66 -291
7
-924 -884 -948 982 -363 -219 -919
531 -352 -684 -614 -751 90 830
6
966 -663 -254 280 706 246
-655 -923 -574 562 -855 -744
4
800 -596 936 620
905 786 219 682
3
66 720 666
883 578 954
4
-420 78 -489 -916
-421 -523 155 -28
5
-13 -331 146 -500 552
-588 -807 -253 -194 327
4
-981 672 -966 273
-663 693 949 -794
8
-828 99 -680 -951 292 444 486 775
191 -92 -58 549 -295 -813 238 957
5
929 -925 -831 788 -618
438 -294 571 -859 -938
6
564 -979 -699 871 608 -828
935 605 -474 -954 -778 935
7
684 -794 887 -924 -723 -587 883
726 786 -594 869 -302 774 494
8
1000 942 606 -353 308 473 -935 -988
-921 516 491 987 -724 598 993 822
8
-323 -629 93 -100 62 -345 -110 256
-344 33 -245 -216 683 268 876 37
6
651 884 196 -84 -918 913
-130 497 -592 -462 -294 -955
8
-949 -49 247 371 893 -974 -743 279
-5 -401 -771 -216 638 -353 339 215
7
-48 608 -290 288 -249 -183 382
998 -284 618 767 68 541 -336
7
-429 -480 -73 12 -106 563 345
464 -709 659 443 -759 39 996
1
379
307
4
-91 43 -145 -962
-775 261 -429 620
2
-967 981
-824 -723
2
797 928
-263 -563
8
-550 32 -784 292 -869 -726 524 -992
-352 -862 -889 -818 883 551 -862 821
5
-994 -668 -445 -871 -508
681 -612 972 49 -964
4
-499 -182 101 381
-98 -64 368 -552
5
496 -774 12 -953 643
997 779 180 346 -878
7
57 377 801 159 344 -361 104
433 -928 251 -440 -196 -911 118
8
-497 951 -426 314 158 947 -299 890
-206 895 728 949 484 743 -100 450
8
-875 955 -565 -698 526 -403 121 -630
-898 620 353 -530 -784 -880 180 -148
3
148 -767 418
-989 935 730
6
733 358 -899 -203 -534 -448
-243 820 -724 -930 878 -1000
8
-949 421 713 468 -25 879 257 279
-29 -452 354 -146 835 766 -879 -164
5
-970 -721 -906 956 -671
-987 -946 405 -715 -872
2
-873 321
-885 973
8
877 440 610 974 -793 -328 -759 283
101 -412 864 -738 859 -145 136 187
7
947 431 -901 322 -697 413 -433
758 902 -994 830 411 972 -855
8
193 -423 238 768 738 -916 -511 -935
355 -240 777 -549 -665 -942 740 -443
5
359 -454 -16 425 -187
937 232 -213 137 -342
7
886 -122 -974 985 727 -950 -831
578 -664 -374 939 908 512 687
8
-285 -285 -285 -285 -285 -285 -285 -285
-285 -285 -285 -285 -285 -285 -285 -285
6
982 835 -728 502 988 785
-529 623 515 289 -935 -749
2
-949 898
575 823
2
756 188
40 -79
1
263
-848
3
-320 -820 187
-995 703 992
7
-106 739 -413 -303 -462 -759 -610
270 855 -102 -130 -207 -54 948
3
-669 246 577
118 107 -499
7
735 93 -646 -941 833 -331 -962
548 835 38 -743 -710 620 715
8
-952 987 -71 913 943 245 889 -194
-864 818 579 961 -910 -302 -464 -962
8
595 -434 -451 -924 -674 529 313 950
-348 958 -964 -136 -556 524 -982 -696
8
659 -572 322 753 -479 214 910 439
-811 -970 -420 945 -295 -735 -843 -985
2
729 -582
965 -543
6
-969 271 -873 -723 992 -981
331 -731 266 377 -89 -451
8
-803 -853 -889 637 848 -568 783 -969
-766 117 -605 722 819 -831 914 -63
7
-755 -115 -300 712 -427 333 499
174 -277 150 96 -771 -950 61
5
-680 -66 228 -285 -503
296 -377 666 143 -314
8
-72 429 -532 -208 212 -76 -422 459
-731 -426 -88 -137 -671 127 773 -189
6
-44 -546 -684 -693 333 -996
675 -716 983 964 315 -674
8
467 17 -133 -181 -4 816 -381 -529
682 28 20 -682 760 299 130 226
6
-756 -927 278 -747 914 172
756 -882 -510 780 924 761
5
898 585 583 -570 632
-893 647 244 -379 -962
5
213 493 -716 263 468
-562 719 -512 946 837
8
-244 436 -897 -36 810 -316 -786 882
734 -824 -582 -142 922 -229 860 853
6
706 746 317 458 923 -507
26 387 -630 -458 -701 -713
2
294 560
-75 -809
8
741 885 977 955 -870 -944 -735 396
948 -343 708 -745 926 817 -507 691
6
119 561 774 32 666 -253
679 -134 627 -632 425 220
7
391 883 -824 -400 -993 489 153
605 -741 -491 906 413 -942 369
8
-740 876 -456 166 26 742 947 -254
733 552 0 -746 -284 -909 920 758
8
-905 -466 -854 -347 633 -924 -489 -636
-574 679 -210 -355 -770 -752 373 600
7
-34 -398 722 -4 743 29 -712
86 82 -508 169 591 56 -323
8
-500 -643 -547 -977 858 873 -893 -713
78 130 -882 -443 696 -702 832 911
8
-494 -91 416 -40 222 -776 -785 341
-324 -651 -858 642 -690 309 -954 -976
4
995 780 -942 -997
664 259 -607 986
7
445 995 784 874 258 -282 -607
-304 -423 -414 605 981 759 -704
8
-9 -732 -882 648 170 265 878 291
-28 -249 177 488 345 758 -826 713
2
826 -996
-834 884
6
763 -491 -763 902 703 847
-960 -449 965 614 -714 -230
6
578 278 -629 -483 660 44
-540 507 375 711 565 -215
2
-916 -767
985 -62
8
-143 -52 300 -14 164 -649 177 -187
-21 -578 -684 149 -137 55 -6 203
2
-471 132
-542 624
7
-529 -455 -416 -818 -375 -816 826
438 776 476 965 -108 801 -907
7
993 211 915 -690 -148 -745 476
884 116 747 462 528 -99 818
8
658 -798 581 -595 -493 -783 884 585
649 -639 -442 822 -771 236 -82 634
2
-636 800
-629 501
2
302 786
-231 203
7
868 995 -917 574 -769 634 -986
811 945 939 425 952 994 -456
7
281 -218 -23 -137 136 -83 432
831 143 -792 11 -303 258 255
1
-510
-124
8
-679 -341 322 177 -8 433 -80 -212
43 607 336 615 -1 -38 -375 39
6
935 -947 -858 -864 637 429
946 -981 85 -944 -818 -732
6
976 -204 689 -878 801 -666
51 902 934 295 -658 -641
6
752 893 916 -202 -578 -136
-880 -996 -827 -753 -374 -91
6
71 -213 206 15 -22 -111
295 -856 99 -13 -133 -59
8
-182 239 404 130 -863 -509 135 553
476 -862 138 -529 110 402 -929 -642
2
538 -329
-932 856
8
-973 192 257 -312 682 865 39 678
-969 -974 537 895 821 169 -283 467
7
-573 -917 896 327 -917 929 255
-563 696 -546 184 -831 701 -294
4
386 -220 982 -781
-840 916 -472 176
8
-737 -217 672 951 -88 295 391 587
-654 -534 -763 92 -872 -299 -569 -252
5
-728 827 -915 -874 -130
579 -423 958 381 -528
8
-941 439 -878 177 -8 814 847 8
464 -942 -451 53 366 548 -585 833
5
-846 -305 -701 -802 -825
340 521 835 -864 -781
4
637 870 126 560
922 463 -965 977
7
483 386 -972 441 -166 -568 -352
184 -560 979 802 985 776 67
8
957 -35 29 796 -745 -27 340 -577
993 406 549 716 -187 777 -751 3
8
-762 -888 861 -908 -639 921 998 712
-996 -479 -757 -618 991 627 373 -754
3
-979 906 -228
582 712 -514
6
-70 -217 -204 787 666 68
502 -106 -866 -53 -48 910
8
-493 840 874 -833 786 -768 917 719
523 807 943 -272 -666 413 861 911
5
-871 -652 828 -959 174
795 -977 785 -477 -305
5
-972 -734 953 761 444
966 -816 890 81 626
5
-378 -68 -236 -284 -520
458 129 188 -603 -643
5
-542 910 -642 -621 891
-598 956 -186 -815 -645
8
-792 -730 937 -939 -36 -237 -956 188
-931 -960 -896 294 -300 -674 -207 -132
8
504 763 -182 399 -899 -114 468 605
500 16 688 -783 442 -283 -757 -711
8
642 -913 -997 -807 67 -245 607 -876
-695 -303 425 994 666 -378 960 208
6
-856 555 530 920 995 -290
-533 -983 820 643 94 -2
8
-92 810 403 -512 -119 134 -507 523
-928 -475 -403 -420 -78 906 169 -135
2
-804 948
-966 -169
6
-824 776 650 523 868 -18
957 -605 841 -956 -307 -912
2
-151 -833
663 422
8
-116 -879 57 391 528 -117 492 -196
0 74 -475 221 -166 151 263 491
7
-511 65 -529 -609 383 970 856
-579 -765 687 -838 490 -939 -988
7
400 -313 312 -662 370 918 733
924 -50 581 -814 819 -488 658
6
850 -959 622 377 78 872
851 479 763 94 -572 -59
4
-612 -111 -691 631
715 -351 876 -868
8
338 907 636 -451 792 945 -337 54
270 991 612 588 -713 -994 -936 880
5
-711 -458 882 -696 958
766 866 -550 579 821
6
-865 -803 986 -758 -484 -51
-406 -237 -928 535 -852 -400
1
-639
-45
3
376 827 -649
960 -403 -796
6
-911 -29 468 -112 19 119
-181 945 -745 616 -229 64
3
459 -208 296
-425 461 893
1
-981
748
3
960 838 733
-411 814 -847
6
895 -413 -700 -764 -869 987
-653 -545 -448 642 93 -832
7
752 156 -610 707 13 470 -263
421 -29 -621 -819 423 82 941
3
606 -528 36
-130 396 157
4
-530 -43 -647 586
-147 124 200 -534
4
752 -782 -692 240
-663 -658 939 738
6
668 744 -327 242 -616 -908
-72 -169 -966 -274 891 -545
7
715 654 -663 84 -487 195 -637
-559 -168 -521 -179 421 -759 338
7
-513 -817 963 -425 675 649 773
-643 953 898 889 470 897 255
3
-791 -6 -109
-325 -978 421
7
201 -144 814 -194 110 85 -68
-41 601 -239 -547 247 -20 661
3
-913 -991 -515
485 257 -204
3
462 94 -150
840 -106 -138
8
772 875 -758 459 -913 471 989 276
-526 587 -304 890 -1000 -782 -866 -668
2
-724 700
470 818
7
158 635 -641 744 -906 -376 794
-149 244 48 -357 -678 -773 -164
7
83 -420 124 54 931 803 -593
-105 -732 79 -670 -550 772 -562
8
302 996 738 -865 230 -531 109 877
-534 341 -825 969 844 618 911 811
4
-598 929 522 827
-999 968 718 693
1
-345
694
8
-354 -725 -197 484 134 -817 850 416
-953 945 605 -819 -259 -845 -843 290
6
-405 -571 455 50 591 -530
-216 578 786 -255 703 -894
4
-404 757 -519 801
706 799 748 -583
8
857 -748 185 687 118 889 -482 -739
847 -851 954 940 -676 271 -704 -337
7
-784 -447 740 698 753 383 994
271 499 738 -760 -488 -121 730
2
-974 -534
732 223
8
-585 926 -967 828 611 -808 284 671
646 -561 947 504 962 -886 271 -989
5
-731 873 -464 850 -422
-409 -807 774 22 -996
7
-472 -683 -348 -626 -198 664 -482
-19 805 -228 992 -798 239 585
3
781 -890 602
845 -694 -801
2
-667 400
-751 80
8
523 989 558 -900 -556 -805 -721 -575
967 -894 28 339 -396 995 793 -428
4
888 842 689 616
174 -295 -23 -897
3
660 -397 853
918 -648 777
3
789 908 247
498 603 871
8
-847 654 794 -611 -452 848 573 -935
957 981 -530 422 -177 691 -764 997
8
-966 -191 -987 915 828 900 -51 779
379 -677 -739 -814 961 -970 93 -854
5
930 16 -804 -596 -895
-793 235 -442 902 -752
7
-550 794 -689 -922 824 392 106
336 913 818 -1000 -634 -346 850
8
-576 -703 964 739 694 -154 643 429
961 -248 -179 -853 -110 548 219 -981
2
944 274
-437 435
1
-245
-603
7
379 498 -794 745 781 697 738
-823 -611 -360 572 947 368 926
5
-732 180 -733 -263 25
168 236 267 99 213
7
32 -806 141 -400 44 27 441
-54 538 0 326 -368 -160 0
8
899 590 558 -745 949 948 737 -629
571 -843 -133 391 748 665 -141 648
8
-163 15 801 -270 38 -8 -85 41
195 814 -249 544 -329 -137 -881 -92
8
-405 891 -192 -875 -407 157 955 -24
587 -30 -648 468 442 -911 -739 253
7
888 106 330 960 -508 -438 218
-860 896 -945 -461 -997 -158 812
7
200 -245 519 809 759 -480 -179
-428 -412 -96 88 252 756 -325
5
-79 -481 -703 998 -916
-993 -839 -964 -948 -60
1
-269
92
3
-708 943 611
-892 510 -759
1
-130
-873
7
-348 445 395 433 841 -60 681
-767 -651 992 763 465 -266 349
7
867 169 396 -626 -536 183 -795
92 -135 -827 182 -657 -247 -882
4
670 -374 803 -831
669 -616 -572 -695
8
533 975 714 202 -320 574 809 -855
133 575 464 392 216 -57 177 -803
6
-227 700 -412 -588 -731 -296
-677 -564 626 -787 819 861
8
468 365 490 -373 -674 843 -900 -989
990 573 922 782 -652 367 -799 -745
8
9 727 582 -699 -835 -613 355 515
563 -588 406 241 836 995 994 -842
8
652 -311 494 -908 558 -928 445 -798
764 -716 -42 628 170 457 629 560
7
-766 135 -939 159 -213 176 -236
140 60 -167 -535 -232 879 790
7
634 -280 274 -474 -608 -137 872
-653 -579 542 -38 -875 35 318
8
-381 376 7 -916 447 -832 -193 -964
634 642 -915 -824 -563 279 935 -960
5
313 536 -137 -332 705
-48 -269 74 -607 -804
8
896 -162 -690 -263 -991 754 -196 989
628 -537 908 -724 -384 -966 -334 -408
8
-598 962 174 -83 350 -560 905 48
-228 -786 -56 697 376 468 -207 -265
6
-729 804 -914 683 146 -79
851 82 635 -798 -362 -819
8
-897 -447 149 972 -699 729 -756 958
-868 52 883 990 -927 82 266 600
8
693 -754 825 -247 -960 822 764 811
658 -785 701 180 -527 994 -903 342
5
-938 -942 589 777 -627
82 -160 761 664 980
3
-612 380 286
46 100 451
6
-555 989 -241 -639 -814 367
-737 700 -828 693 943 -62
8
94 821 -763 -606 775 747 -563 879
-496 -790 925 580 680 875 892 -206
6
-959 819 -660 -300 -970 952
445 697 535 -724 -644 -906
1
958
862
3
594 949 798
688 248 149
7
-17 57 176 592 -185 409 249
234 -274 -766 -582 998 275 -458
6
-851 798 -819 -49 -100 197
-414 -273 683 -214 84 -772
3
796 861 -351
-195 -508 526
7
535 941 -714 -268 -825 -302 -567
786 -775 575 442 25 195 682
4
358 88 453 673
-917 948 725 803
6
-827 -906 -624 -813 -342 -853
992 555 374 716 888 -730
8
927 -925 -721 899 -909 -634 944 940
631 849 -826 -331 683 541 -933 812
8
363 -761 -817 459 -725 -840 797 934
952 -902 718 -223 750 983 -572 -861
5
363 -37 -247 -135 519
55 144 -146 260 -533
4
-481 853 -200 -259
12 334 349 4
7
-691 -215 415 769 -119 -325 111
653 223 254 216 144 838 -301
2
-845 -842
0 626
8
-837 148 -73 -561 -165 -290 71 247
-548 -74 324 436 23 -40 -374 -126
1
-544
877
8
542 -990 -929 898 -582 -610 527 235
773 -233 -827 -906 52 -991 -68 -753
5
919 -749 -383 684 986
933 -767 -819 226 878
4
149 -88 832 -541
-476 -596 625 797
8
-918 -373 751 -743 -642 -182 -966 -545
351 779 552 886 -653 633 -934 100
7
-835 -696 -529 851 -366 -775 -243
-983 558 -905 -989 -428 774 671
5
992 792 -570 -582 -805
-635 883 -976 -236 -889
8
-771 -568 -675 -996 935 -447 -928 887
908 -981 -841 -211 690 -769 -989 -293
8
-699 -124 -872 783 -417 932 961 -229
628 -532 -737 -891 -886 687 -215 104
1
802
-919
5
333 859 -613 -574 -537
-858 -95 974 -267 -596
3
869 -539 -941
-127 -945 311
7
-293 -297 367 -276 429 567 273
-267 382 153 -462 3 70 826
6
-229 -867 552 -258 198 244
436 -679 -504 -931 -114 -179
6
-447 898 -960 -964 -968 672
-541 -801 -618 -974 -301 570
5
-575 -828 381 747 -787
-989 -495 935 707 860
3
170 -81 -326
-298 -432 -1
8
-251 846 -169 -660 -330 -93 -654 -712
-868 630 -886 550 699 365 200 414
5
-762 762 -905 -835 -908
-621 916 -831 276 -495
4
662 -440 -356 -95
909 -497 670 -749
8
59 -326 421 318 -130 299 76 30
-243 277 -147 -279 478 -883 253 343
2
-70 358
-4 -472
3
-257 675 -786
-169 866 219
7
870 -240 848 287 -394 -70 -568
-217 -680 838 -650 -547 111 -150
8
521 829 -969 610 696 -216 798 -818
624 -626 -951 992 936 -983 994 856
3
886 872 -827
-543 -831 -545
7
684 -845 -851 645 -8 -771 -781
971 -379 -287 829 -842 13 886
6
-866 386 -795 937 -973 996
810 215 476 -367 -768 -957
7
-484 -689 -997 177 -652 -19 815
-633 879 -667 -894 791 771 324
7
-920 -479 339 943 -748 -903 948
829 -137 358 17 -365 -904 -28
5
844 -202 983 226 724
-259 166 965 -294 -49
6
-116 424 910 -976 -639 320
-866 -68 239 423 732 -452
4
-992 -934 -330 -1000
586 -966 664 411
5
-776 628 -415 -840 -805
903 797 207 -720 822
8
993 749 -728 192 894 -597 893 950
872 -755 996 786 992 -357 906 754
4
941 -236 149 521
-188 -359 230 214
6
-933 997 501 -551 -729 -321
-580 -316 -665 -676 -296 -698
8
335 712 -760 852 651 888 -901 767
295 831 769 703 629 427 -831 188
7
-713 -845 606 825 -824 128 234
-513 942 -867 225 738 -558 -971
3
884 246 712
-890 984 -789
7
473 260 -431 449 440 -252 260
-197 -439 -557 -765 -379 -595 -676
7
503 -395 3 -337 936 330 -460
206 -839 -223 -703 -794 950 997
5
894 -114 331 -450 269
-369 -79 142 121 464
5
-235 429 499 -225 159
-55 392 -523 102 403
8
-648 114 -676 -216 297 31 106 625
-93 -518 -192 12 303 143 -117 -755
8
369 -99 -554 -574 758 221 242 -734
-22 -938 408 389 7 -15 880 -328
8
796 900 616 750 -944 -798 564 624
895 413 691 -941 914 899 63 -567
6
-893 993 985 939 -425 -595
-948 814 -964 -841 343 655
5
-568 329 940 -470 -931
-791 790 868 277 -789
7
82 217 -269 -90 -492 673 -604
36 -111 13 196 85 -904 469
8
169 -994 792 608 879 -642 -986 -914
74 -729 -966 -694 564 -644 -575 -703
5
-725 -950 -837 427 -782
-951 -960 712 741 51
5
-354 -188 99 -154 -684
-514 -723 65 141 322
1
835
537
7
564 757 -962 921 858 -798 780
-771 991 -880 793 924 701 700
6
438 -620 -957 193 832 668
611 -959 890 -677 963 -310
4
795 -941 451 -599
872 645 -979 672
1
711
971
8
638 -658 -787 560 -26 -976 861 -157
734 759 -583 808 -719 880 851 791
4
926 -664 362 -285
-949 572 -816 -879
1
-841
514
5
623 -118 339 -661 -785
-218 505 443 841 124
8
157 -923 251 -57 -198 -124 351 -707
500 -312 -290 -67 534 -703 53 336
5
678 -204 658 -578 390
-944 862 -991 840 667
2
613 644
-698 -151
7
-811 -269 -337 557 -861 807 -206
-923 -392 -428 924 912 -670 760
4
978 29 49 658
456 -322 787 -734
5
841 597 280 824 -629
98 902 987 996 978
7
-964 902 -894 -778 958 -996 165
-176 834 561 493 -964 -864 912
8
742 -857 759 942 -862 706 -983 526
-895 757 992 276 788 974 -593 -669
4
784 993 666 -670
-765 -459 803 172
6
-956 -16 526 -705 -987 937
-807 -680 636 62 498 -879
7
914 -949 -511 436 -243 -545 -510
-204 -708 847 -938 269 919 390
4
745 -527 81 347
279 -465 -630 286
6
879 672 317 -897 853 -854
153 946 -940 -607 -873 718
6
48 681 574 270 498 -123
686 903 487 210 -690 -728
5
-619 -906 -768 -759 -896
-615 495 -316 664 393
7
-772 920 315 -967 -994 392 173
977 459 559 919 810 999 695
2
529 -197
355 -654
6
-224 -429 14 -822 472 80
-141 510 -23 -721 -311 186
8
756 972 845 547 -995 524 444 -345
-432 -805 922 703 -383 -747 686 -34
5
636 -714 707 -944 -751
864 463 -572 41 -779
8
575 -55 548 806 -174 -70 339 27
192 -481 -20 -216 -392 -332 -13 -139
5
369 312 -92 52 321
13 -291 442 656 -75
5
778 832 -800 -792 945
569 -978 -970 838 427
1
984
-674
1
-193
260
8
-32 590 869 -804 -684 887 637 567
714 -779 958 -808 -858 -937 860 -907
5
627 -78 170 622 358
12 -516 298 550 704
8
-107 -941 578 133 -172 776 -63 181
156 -371 -67 607 -830 558 331 896
8
-150 -408 540 -568 427 765 -1000 396
612 642 793 -253 663 -673 70 -105
8
875 655 582 311 610 903 875 -609
-456 -77 240 708 735 -275 -443 968
6
-768 -818 -791 621 -964 688
626 -701 -258 -949 -828 -697
8
642 974 343 707 -48 -93 814 71
-278 -711 142 264 81 -921 -657 -873
8
-567 -537 -595 881 666 -998 -343 -593
-106 -648 186 -561 -504 -494 -935 734
3
169 -653 481
680 536 -499
4
-844 -236 380 330
901 512 -388 291
8
867 -773 -967 612 915 964 86 104
-675 -75 229 -412 620 -979 -174 -967
8
-46 340 367 147 285 617 79 -464
10 44 369 808 -934 -582 663 10
7
-717 168 -553 -855 -253 214 458
992 845 670 614 -24 12 120
3
-520 -625 867
-922 -761 -759
1
-843
-976
5
-104 400 -134 702 -386
872 -531 -967 561 406
6
-38 -104 918 -15 571 -235
186 210 125 -747 22 139
5
760 -853 -659 855 -929
771 906 358 -940 -872
4
334 -463 -62 -172
996 -811 480 191
6
-658 251 -221 341 110 -847
-912 -950 -112 -292 860 -167
6
8 -414 107 -203 -271 368
319 -358 -601 170 509 223
4
995 -976 -920 -732
859 -181 610 -985
2
485 -53
-822 -743
8
-424 -342 -324 -787 60 -219 -127 -466
-206 92 230 201 337 -758 16 -35
2
363 370
929 913
3
182 652 301
731 759 -906
6
39 -741 -53 89 135 107
346 -717 -560 198 -81 890
1
127
880
8
600 -594 231 -469 -246 321 -4 153
-296 961 -132 -153 -576 -564 288 -598
7
773 577 -660 869 770 752 -631
-200 934 779 644 -590 -907 -674
7
-651 110 -824 840 945 -937 406
-517 -926 -23 -857 658 885 -894
8
12 328 -959 450 843 -960 -713 848
975 -914 -2 -945 871 851 759 268
4
-76 -715 -980 71
-645 -71 295 291
8
330 909 -627 830 924 760 852 -557
-625 -515 -655 -838 401 813 988 -588
5
579 -24 -706 -481 -916
-228 -22 334 -288 -13
8
-532 -780 525 -117 529 -789 -501 954
-555 687 -487 669 -669 389 104 425
6
-960 607 -848 -770 -822 -694
215 -951 979 935 936 421
6
-822 -438 849 -985 753 466
210 -992 981 -445 -976 932
7
-394 321 -625 50 94 360 -12
827 -947 135 -172 895 -443 48
7
402 -355 -241 811 782 -925 176
-222 -973 857 214 760 -550 -140
2
-88 32
335 278
6
777 -582 354 -931 455 -849
958 -905 -970 679 639 562
6
156 323 744 -730 -706 -781
-640 -615 -360 165 -601 -1000
8
279 -864 709 -882 -955 -889 -978 -466
486 -464 -729 -897 -735 -909 622 -809
6
675 -149 770 -705 -821 967
-726 676 -979 -711 -888 487
4
-409 -413 836 924
-721 -844 -229 -448
5
-419 685 804 117 -59
-136 -794 -77 578 986
6
-994 -928 347 878 -686 869
-208 -972 954 586 782 355
8
-72 -241 575 -84 778 706 -394 -780
-385 7 922 -334 -62 254 883 640
6
128 -808 -506 -175 -897 308
-882 -916 -917 810 256 -697
7
276 -171 665 -23 -414 765 -729
-546 220 -354 -289 318 -325 511
2
-93 -209
554 -305
6
879 621 974 668 -859 -945
-417 -771 -420 764 -436 -15
8
857 790 -831 -909 -759 -163 795 -910
-676 -435 -91 582 -560 -605 264 138
6
105 -683 725 812 254 -922
995 -802 -885 -706 919 254
7
-676 9 38 651 883 148 -258
-366 -921 -368 422 291 -7 -895
8
907 -758 826 664 843 -877 -953 724
-570 -195 -915 -890 -887 -404 428 -671
5
-984 -878 -10 104 801
-584 291 -647 632 -769
4
861 -949 989 -907
-965 -931 -739 -898
2
-451 337
469 678
5
974 686 -90 703 812
887 -945 -603 -774 -807
4
300 400 -912 -41
922 -670 -602 312
7
-878 -707 522 -820 -720 173 424
-668 -676 -976 -998 -827 -775 -870
6
746 -435 728 183 836 -226
417 -480 72 14 43 -106
5
-697 588 757 48 -135
641 624 464 927 968
1
-519
-725
5
-3 178 -351 -378 964
-526 -7 756 -236 189
8
768 826 653 -936 -75 -10 -940 -462
604 872 -898 -203 -195 741 -696 747
7
248 -165 -691 -848 270 642 947
-789 844 -753 645 -381 -696 -279
2
-988 996
756 712
6
-623 -753 -891 461 -833 307
-837 749 127 -294 89 374
7
-933 -730 827 564 -142 534 469
-623 828 -698 788 102 -394 -354
8
368 -41 396 101 -902 110 -918 866
-908 734 211 -160 13 -769 18 -700
8
96 -50 602 715 -324 551 165 -565
-587 -199 -63 590 3 -126 519 559
6
801 -714 223 992 754 20
898 -944 920 -952 871 -996
2
-645 -961
691 -933
5
-958 -307 371 -479 -714
816 -674 593 -147 -487
2
-972 -947
367 -209
7
666 87 -218 111 -277 -322 480
583 386 -444 702 -580 -304 865
4
-551 664 113 -637
-435 278 -782 898
8
-5 282 -600 -825 171 28 187 844
404 76 812 -797 -686 69 -60 -153
1
538
572
8
-553 774 -794 373 -842 926 -889 -249
785 719 -955 -508 295 988 -644 837
8
-513 -248 -895 679 195 609 -527 714
963 -772 681 -191 -904 520 -215 -918
8
-386 -445 90 721 -965 -110 411 -1
214 -158 564 543 -674 -198 320 237
6
-971 -495 -971 -356 274 -981
-745 -227 -726 -303 780 841
7
889 530 -643 -723 -844 -457 -493
-448 -486 -989 903 -629 -796 826
1
66
380
2
-417 331
854 230
6
-68 394 621 -179 344 847
-254 -769 -231 491 612 772
2
460 917
-131 841
5
562 -258 114 608 99
-869 -200 -762 292 -619
8
417 396 222 -629 -844 -946 -929 968
-916 -962 34 929 -546 -929 -627 935
7
941 969 -905 985 -693 422 -983
-541 839 -70 153 806 -837 -422
1
800
-760
2
-8 784
973 866
6
49 7 510 863 446 200
-263 -280 -101 198 97 277
8
-541 592 -136 936 -816 -789 875 -929
-503 -724 376 973 607 885 128 -42
5
-588 774 205 754 -979
-325 713 -699 48 -538
5
962 -867 176 369 444
-693 -745 955 -745 -961
7
-451 -661 114 797 -185 981 -947
-861 -815 773 -515 -511 -441 850
8
-779 -60 232 190 -83 -347 494 485
-737 -948 439 513 6 -96 878 364
6
707 -949 825 152 928 -319
-917 952 -534 999 -493 -574
5
252 594 851 790 613
990 -140 -708 597 -858
3
-679 -416 749
-756 -722 734
7
768 -604 -740 -849 -936 828 -48
476 407 -255 350 823 899 5
2
486 -972
790 -786
8
-628 948 475 778 -211 -893 601 754
763 -869 -881 -459 744 681 499 -216
4
-412 710 99 -781
-602 -144 -682 -426
7
-814 -941 -982 -801 -169 830 455
980 -812 852 407 996 631 552
8
544 837 -265 929 692 371 -93 -972
888 -933 -666 786 991 -997 803 895
4
-445 144 -252 -120
-115 179 -122 -67
5
-157 -642 -720 -946 -147
698 474 -682 -724 -552
5
-238 -582 -98 863 747
225 16 -29 707 394
5
932 -888 941 759 -765
129 832 390 958 974
8
928 714 -644 856 922 521 349 757
486 849 857 -380 752 781 -999 -792
5
979 144 -174 748 -273
869 -945 985 -807 -746
8
-175 247 -950 204 -270 758 -802 547
786 846 705 -422 838 896 -945 -655
5
-466 -439 767 -678 847
-406 -931 511 698 -306
3
92 -696 478
-835 -958 -908
6
557 620 -757 -454 -680 -321
-923 786 858 960 405 -938
8
89 213 372 -68 -270 353 826 -756
342 617 -890 -442 939 -556 139 -509
8
50 826 -535 -672 896 -783 817 313
636 -817 941 -669 -557 836 -81 -791
6
-958 -360 -484 -472 775 961
985 811 -907 979 320 -531
1
-206
-750
3
42 959 -292
-190 923 142
6
-667 -158 537 -539 390 932
-953 -844 313 -909 740 898
7
552 -258 -999 907 -240 -577 -340
39 -939 -832 935 -985 917 900
4
308 636 -520 285
-882 163 -591 912
6
842 571 941 -635 873 -204
592 47 999 -408 919 386
7
175 468 -691 910 869 -417 120
320 563 -514 -867 178 541 -183
6
-495 908 341 976 -715 -795
-361 -609 -956 840 847 701
7
867 -919 501 971 985 -485 -726
42 -685 -656 669 -747 -695 -909
5
-336 -410 408 -372 616
-908 -462 546 560 943
6
-462 -444 462 -98 317 -155
682 -173 706 -811 -534 -422
3
465 -961 -807
-261 -575 46
8
-871 -705 959 -798 -618 -861 760 931
-867 -785 -967 969 -619 -942 -971 702
6
-905 -964 -825 832 -906 845
-876 -806 -951 589 617 621
6
-362 913 862 946 905 -259
-655 209 793 421 955 523
7
852 -645 455 430 -376 -269 948
923 -174 408 346 435 -937 671
8
-353 -625 982 516 -284 -26 408 771
527 470 -314 -112 307 -814 185 707
7
-361 -101 -260 82 -487 646 714
225 15 415 -994 890 709 858
3
581 -62 71
-761 374 -780
7
-928 600 -660 805 808 907 -744
-684 -292 690 -555 -986 316 -862
6
-164 471 -519 989 763 -579
522 284 -734 -806 -430 986
8
-388 347 -237 662 -529 -372 -317 390
-786 179 -482 398 -286 -1 -737 79
6
820 -881 -174 -229 417 905
67 -826 736 -826 -784 640
5
94 25 -767 369 682
623 -234 -21 -870 249
7
355 556 126 975 -600 72 263
-96 -150 139 -271 144 -471 568
8
-549 257 294 -5 510 139 456 50
207 -399 -13 -19 -860 -437 333 -941
7
-429 582 241 197 -15 -667 -91
173 397 -83 -23 351 32 384
7
125 -194 -167 245 35 934 370
257 275 224 29 361 538 536
6
579 77 -754 692 243 135
-671 -151 -675 -626 -997 -367
6
-496 -960 -713 -140 882 204
980 -847 -655 464 195 -990
8
-129 140 -732 435 -270 -23 -323 -423
-540 417 5 -813 368 -962 700 481
3
-841 -974 506
761 -559 -613
5
673 -785 961 -768 755
532 534 922 815 -159
6
152 -748 322 -817 739 866
-669 361 803 -534 941 497
4
-827 -817 -325 -472
-957 -858 836 -422
4
775 -454 -310 7
404 -512 777 413
6
-699 285 -966 -873 -993 -939
-324 6 838 104 -231 -533
8
782 -725 -1000 817 910 367 -102 -824
-648 531 -114 -908 173 765 -824 -758
5
381 -65 956 904 -706
-513 -93 -312 637 510
8
487 907 324 61 264 137 432 912
333 743 156 193 -649 -436 479 -114
7
-753 -843 741 573 640 -344 -150
57 -309 -266 -724 679 -146 403
4
-203 -799 933 872
217 -891 -587 917
8
379 -656 -733 222 613 -397 -995 -698
-873 834 -499 -619 -444 -945 -604 -976
8
37 240 457 146 114 -601 401 -86
800 -210 -173 -822 243 -452 -982 951
8
-490 492 -840 842 -650 -778 -934 -722
-981 909 -737 289 -361 -854 483 -624
1
-736
-550
8
-783 427 983 -99 169 115 912 -75
-989 -309 -851 -111 118 552 -290 -57
8
944 -73 485 -133 -730 48 -648 -485
-214 -61 -890 -136 -204 445 198 92
4
598 297 -784 -756
443 -67 -141 927
8
-994 990 -995 -990 998 -999 -998 -992
1000 998 -997 996 -994 998 993 -999
2
-128 387
-3 606
6
-30 -807 427 -355 833 -97
595 245 -252 -209 -892 25
8
-418 612 517 -699 -852 -336 -172 378
-107 -73 636 541 -2 -471 954 743
5
-940 820 583 942 756
972 182 774 -749 375
2
-56 16
-75 171
4
627 -680 965 -983
-553 3 -942 -713
1
-956
664
8
-991 -741 874 -445 -902 665 -858 960
157 -764 -674 -781 603 702 -936 115
4
-720 232 -773 681
196 -977 679 470
3
-733 -907 -459
914 171 997
5
458 44 427 -154 222
-397 -548 -352 -644 -831
3
931 774 -642
935 -784 803
8
-704 -251 -739 -498 -726 -362 -749 -453
728 989 -364 715 -812 -992 -723 -611
7
499 -678 -876 -113 -326 -330 646
-450 667 -887 -396 -821 -809 -756
6
-587 -191 -806 -337 -814 129
593 -971 129 -940 500 492
6
-781 904 895 250 931 -591
-479 -834 617 720 -743 422
7
184 710 900 929 -559 -871 804
-708 -516 -800 900 -944 943 841
2
531 996
-981 -502
7
831 914 779 -865 594 465 998
-970 60 216 386 698 -861 -416
8
20 -854 301 526 81 791 -581 -553
205 -284 -440 320 -874 997 182 -674
5
-928 569 -903 119 918
443 -650 637 517 537
7
-659 -829 840 -821 407 591 -927
971 836 910 -258 -838 13 720
6
-121 518 326 770 -779 -988
845 -744 877 -582 494 -894
8
-800 163 781 553 -695 -793 432 -926
895 425 854 -285 344 671 782 -955
1
-153
366
3
-459 609 613
-976 107 364
8
-377 487 -672 126 -929 -985 789 528
946 -666 920 656 -804 -915 989 30
7
-158 -700 615 -806 964 587 479
765 834 368 907 874 352 -930
7
277 -607 958 482 7 -245 564
-864 -46 -709 -25 -309 374 975
3
-256 325 892
-780 792 -55
6
-882 973 -699 410 308 -956
740 564 -540 786 532 -948
7
-350 -463 716 962 -646 -958 -807
961 -154 -801 775 -373 685 -907
3
-318 6 -259
153 -577 -189
2
461 -397
-345 489
7
821 354 -454 -743 -823 -554 -152
804 -350 -613 -313 870 -740 665
2
-207 -112
156 318
2
577 126
347 -231
5
-938 -918 725 649 -767
675 900 -729 640 -571
8
-984 718 -887 175 777 -610 -267 969
-288 997 600 785 -734 -864 -742 -309
2
-368 976
-631 845
5
255 -904 -129 476 833
326 -868 -990 -833 726
8
-663 658 -707 882 -27 502 655 334
979 981 -486 -531 -128 -768 -461 -678
6
487 411 -281 128 -430 861
513 -368 916 -125 720 -844
3
837 204 -640
512 -501 559
8
739 515 -646 680 745 620 614 972
-352 -670 -666 -495 -106 -767 -933 708
6
-832 209 874 915 -391 789
-781 -780 -947 -648 -833 -857
8
144 -379 -73 -57 101 262 662 360
670 -124 56 128 446 743 -39 379
7
-157 95 -31 290 -413 -207 166
-873 -273 -369 -229 -2 -615 -283
7
-971 869 914 267 -47 -131 730
809 868 948 640 -251 884 -856
4
644 348 855 965
879 -857 -188 -674
6
-983 -772 -491 879 936 893
396 891 -777 -985 -880 -671
7
529 134 494 -977 574 -335 -205
-776 55 -536 211 178 -579 -171
4
811 876 345 202
-857 732 947 632
8
917 15 -289 415 -813 366 56 -485
415 266 931 -341 459 -709 607 548
3
-763 642 -481
-290 -765 -617
8
-544 -887 255 -689 50 -688 -674 357
604 725 -747 -943 139 911 686 788
8
-840 -853 949 -778 -708 926 857 146
-970 -958 893 212 -607 793 907 350
7
-958 -744 811 580 669 -909 -449
-956 526 -967 815 -852 554 978
2
64 1000
-998 93
5
873 -420 605 559 893
-924 833 425 -660 -986
8
791 -893 978 -148 795 -893 -272 -850
233 944 -879 631 -800 -995 -542 -925
2
874 786
-902 -702
6
-199 -449 -343 -808 -30 -45
-708 -110 -422 309 -48 -239
1
349
626
6
-90 -29 858 777 183 -902
-788 143 83 -101 698 -160
8
12 -833 -330 -104 -99 -276 537 784
152 -135 253 -40 162 -262 -255 336
3
-984 -150 638
-972 -447 479
8
-308 -426 196 250 7 9 633 18
687 336 582 -228 -783 -138 122 928
5
-805 -718 -733 -176 -610
-894 -616 -207 -803 930
7
807 -208 -23 -537 771 -410 994
-768 197 -442 -454 -127 -145 373
8
738 -133 447 -336 49 -262 220 571
-100 150 798 499 631 -67 582 -832
3
-967 -829 -867
-350 163 -706
7
-675 521 975 -82 588 26 669
864 -824 240 849 727 380 -230
5
407 979 914 462 -901
-537 -720 637 766 -715
6
654 -977 577 -231 -320 692
-280 -58 -930 207 1000 483
7
-454 -651 127 859 221 625 -118
-749 -312 239 -713 106 707 -853
5
866 162 384 -161 733
237 -576 -908 244 -803
8
-464 -936 -552 805 386 969 -522 -998
-925 456 493 -748 956 -570 538 922
4
-852 -403 -892 -567
-745 814 975 808
8
-928 -878 -811 -869 734 251 -459 -713
502 998 865 -46 -275 968 387 -585
6
-798 160 -135 187 -920 -577
195 -46 -535 105 -369 -8
5
382 68 -264 518 773
319 748 806 626 508
2
631 604
-592 750
6
-713 299 -330 -897 530 814
356 -672 884 879 595 823
4
816 -1000 845 -771
680 -553 738 -94
7
55 -922 -1 -883 610 -864 -708
-618 544 912 -468 963 871 653
8
844 397 -571 -785 -100 -210 111 -296
453 242 573 464 311 -685 83 682
8
-352 982 -156 -986 -954 734 -973 392
327 761 357 489 -218 349 -891 -454
6
-78 -177 332 998 -64 -521
-317 -842 892 -54 -213 -658
7
-112 -302 625 -677 124 -469 186
-33 947 7 176 -431 232 210
8
-49 -528 301 651 -205 -14 186 -873
701 -220 358 -150 -804 114 -133 518
8
-44 -382 -822 -760 -156 314 -635 769
-943 -423 -615 135 -258 -199 731 451
8
200 931 838 -41 42 367 -10 -485
416 -562 -970 214 804 -394 -550 -539
3
801 454 -990
1000 -830 -477
4
736 -787 -363 -779
-950 -430 -171 539
1
-552
505
7
-470 842 357 286 626 -972 631
-614 -591 -730 -251 979 982 -455
7
191 82 752 -718 -946 -849 261
-250 331 -655 42 -660 -854 992
5
330 126 261 73 -481
-257 -309 357 805 316
4
868 -942 -867 651
844 878 992 -857
6
-772 981 -625 -460 876 -518
823 -771 -197 -787 391 -127
7
-939 -982 223 -908 855 -850 -848
-158 384 -568 766 -685 -977 -452
6
964 -719 -693 533 -691 991
947 -544 934 -600 -770 232
6
-834 -640 -532 968 155 603
978 399 987 -878 -562 -785
8
-946 626 646 215 -636 920 885 -616
515 785 -640 81 -325 -352 -499 -215
1
-346
880
7
-277 100 -192 336 685 558 -545
-981 298 -758 361 932 -129 -124
8
114 347 691 -847 418 -882 -936 -924
0 953 954 333 475 38 524 -249
8
911 -606 -233 -46 -688 -628 67 -614
933 542 -160 829 -779 -409 -444 -728
7
931 -947 -219 -944 631 588 993
-561 -505 -82 656 -372 39 906
4
-401 220 -184 80
-345 -700 -186 365
8
-941 100 -749 693 -7 -343 -477 977
554 -425 300 133 -300 -265 -709 855
6
611 678 -827 -78 879 696
941 719 -318 -604 -856 -484
8
909 -648 929 768 -923 914 932 879
-869 -341 629 -498 919 589 -80 -646
3
-746 793 -47
971 335 -314
7
-549 -736 -754 797 -362 680 -638
-566 618 155 -690 -914 746 756
8
266 506 -821 -207 206 487 -315 132
-287 314 -447 561 -350 -640 -756 -481
8
693 961 991 995 -585 -745 -61 492
-762 -63 -101 -403 -909 732 212 158
4
138 -691 163 -66
24 -652 -43 91
5
558 63 -203 123 742
940 -241 -910 102 82
2
-581 -17
-647 -963
6
-639 -376 -929 845 831 321
-458 350 911 814 -213 -657
1
-790
553
3
-853 725 299
-876 -906 703
7
504 -945 -407 -837 521 -765 -751
568 -992 -366 -645 910 -864 245
3
536 217 -865
611 688 -582
8
824 191 110 594 637 306 -970 381
-866 837 -135 178 -748 -310 -704 200
8
-897 -943 148 -371 728 -966 -504 -376
793 -733 -820 -523 425 -955 -141 -425
4
458 580 -608 582
-701 -240 -266 -665
8
-823 684 -794 778 -77 -800 714 -899
301 911 -755 144 -146 -190 -893 821
8
-859 638 998 -933 987 -790 670 -132
-25 981 -16 -928 -630 -805 712 -849
7
-967 502 -496 690 504 653 -637
914 583 616 322 -685 980 983
7
-908 -159 -109 922 357 -687 -512
668 811 387 292 450 745 -497
7
-906 -781 615 988 741 -825 789
-979 -938 -701 -70 408 679 989
1
743
-505
8
-277 689 493 -862 -338 -984 -569 964
959 959 -836 856 623 -590 318 -943
1
207
665
8
535 640 921 903 647 -477 -860 -227
-595 -847 851 885 -694 100 -230 -858
2
-601 -351
-738 864
7
954 -990 754 -596 697 554 -999
-675 703 280 337 861 -609 621
8
214 -748 994 -435 -549 472 -183 56
16 311 -868 769 -218 -842 477 -486
5
387 -258 858 553 21
206 162 -704 152 -590
4
738 4 -577 -316
-904 877 -738 766
8
145 15 -6 -291 115 -402 696 464
298 -747 -253 -698 -254 5 -178 370
8
137 57 -93 136 197 -192 492 79
116 378 -839 -790 -161 -59 -331 923
8
797 703 -346 168 -290 785 -329 -847
769 793 472 -865 -271 342 -145 -333
4
-255 679 510 -646
-937 779 -295 -364
6
965 975 761 838 718 660
945 793 933 -697 -817 393
4
-607 951 -967 805
-511 919 582 -982
4
165 290 -350 6
20 411 -694 -11
6
456 673 892 -48 -703 285
320 -428 -979 -962 -825 -789
7
176 869 597 442 -886 932 925
823 177 -805 386 -961 -837 -847
8
-211 467 -835 -575 -715 -39 -914 867
944 -935 556 -653 938 -522 -611 -588
8
931 785 -944 -724 -905 -488 530 -392
-484 -789 913 484 -238 874 975 457
8
318 -19 90 -244 540 22 -753 -353
398 -164 -118 -74 -192 206 -173 982
6
249 768 -123 509 -848 -550
783 -960 720 -446 615 773
8
444 739 -745 884 511 127 756 920
-567 -825 739 -173 -741 -686 -834 -998
2
764 -527
-626 810
5
537 -769 956 651 602
908 827 -892 619 796
8
-774 -195 767 -776 979 823 678 218
43 762 871 889 926 755 -878 999
5
-148 -166 -425 -427 225
291 -191 -761 -3 280
8
-436 508 843 836 -871 759 -921 954
-304 -936 -910 -517 -451 954 -399 -164
7
-583 -940 983 494 743 705 558
-864 -894 848 -789 -929 773 -820
4
-725 -594 116 858
-252 -544 -759 -905
7
54 -256 443 55 -774 799 32
-324 -254 643 -30 -133 364 25
7
547 408 532 -894 712 -431 -889
-256 722 -694 973 -750 336 994
6
151 382 -552 825 325 -963
-884 -767 365 286 -367 -174
6
491 694 -568 823 -904 -288
-889 -454 -632 676 -802 275
6
-772 -752 941 -414 -844 972
432 -495 -971 -259 265 -668
3
-713 -454 519
-913 461 -533
6
635 -353 -285 -648 994 -244
907 759 940 960 -668 966
8
403 702 -380 -207 349 -404 736 560
-946 -747 -622 487 -795 -876 -784 -480
7
899 -984 -352 -988 299 932 -401
762 787 -696 -954 -44 872 984
5
175 -891 -221 892 -970
-945 641 -487 -966 865
1
-980
902
8
-318 694 -795 822 615 357 981 -547
204 -264 -688 163 682 59 -756 996
8
-417 -827 51 -941 86 494 -767 271
11 -913 -63 568 -99 102 317 -10
5
-827 -134 615 -977 -715
28 -576 -1 -84 484
8
-350 -756 -915 -977 -608 934 -142 581
979 -833 -926 41 -871 -721 940 824
5
-483 253 -67 -387 -223
-289 -452 141 323 -510
7
-476 82 428 -768 -622 -282 997
-889 741 -84 788 -754 824 -148
4
488 -66 523 -941
-441 -177 193 261
4
585 658 -58 891
859 696 -233 -669
5
-511 482 -365 -932 -856
582 -985 680 464 841
6
-989 -995 -937 749 -188 377
-658 -996 -528 664 -911 -693
5
698 -602 -916 762 -686
731 886 -873 -90 -657
7
663 940 799 495 862 -388 -974
-934 763 780 812 -709 278 -964
8
911 -277 -83 -151 -94 -869 -783 458
-644 698 -809 -271 362 26 545 286
5
810 615 955 200 798
274 -711 -532 309 284
5
-971 -899 -790 -992 -953
-879 -725 466 -829 202
7
-852 416 563 -728 667 860 722
939 -445 -952 -664 -768 981 -892
6
-183 -14 24 -73 818 -440
194 231 123 -693 56 148
4
725 -80 -867 -459
-689 -937 936 -961
7
580 -903 992 -838 795 -33 -919
-403 960 -259 480 388 83 842
5
-3 531 -25 -611 -483
446 394 18 52 161
7
207 401 -117 -881 546 -139 -176
-886 -509 -223 192 31 318 -402
4
-948 935 595 -326
201 146 917 689
2
109 723
769 834
7
-275 203 -818 -399 248 -144 784
-27 -242 875 23 191 945 -479
7
380 -303 -347 210 90 736 495
-306 672 -87 206 260 -725 -276
8
-743 220 351 -660 758 -331 635 676
-458 954 425 761 184 -151 -981 -948
6
256 -283 663 -283 -856 -828
-739 89 626 -125 797 773
7
762 666 460 -837 -363 -950 -352
-938 718 878 -993 825 880 978
8
-725 -913 510 727 -877 -564 992 148
-439 -611 956 931 150 202 -247 570
8
-249 -282 -736 827 -347 807 -876 -956
-724 -221 -710 669 -933 -593 -784 -879
8
-980 -964 -700 -519 -388 934 740 -903
-934 497 -924 -944 -351 956 748 -202
8
-949 -906 -522 693 -128 644 -477 -669
-761 -994 643 815 422 604 366 -996
6
-594 795 -612 -997 -740 44
-527 -462 663 -888 551 398
7
280 641 940 -110 -288 -526 3
365 471 503 -146 143 -221 527
7
497 -572 561 902 999 837 -298
862 658 -942 -966 -217 -540 854
6
-926 972 -41 -866 950 180
-610 -894 -880 -837 599 828
7
1000 669 647 890 698 887 -805
-901 -930 668 992 963 851 839
7
314 829 338 -889 869 -460 935
870 460 759 807 764 -861 915
8
-885 -890 917 -962 989 908 -728 896
-379 -595 -912 -502 858 168 981 753
6
-770 799 900 858 463 390
210 -402 -310 906 210 -884
8
662 987 434 -106 863 756 -984 -565
891 109 -998 276 -991 -452 198 852
1
-495
467
4
-218 702 553 974
928 480 792 932
3
33 -283 198
404 198 136
8
-860 -932 -429 946 781 992 -962 409
596 -683 922 544 520 872 -645 791
8
-608 970 -97 257 -502 -334 725 5
-603 268 287 391 1 119 -559 -507
1
130
-643
7
-704 92 -551 790 815 783 347
-150 968 -404 41 -106 667 89
7
924 -966 -911 369 -720 993 -869
989 489 840 -953 -530 724 -708
5
-170 -896 636 -865 -783
309 754 -867 862 -167
7
-906 -906 860 69 -898 -751 -168
-915 982 -902 -665 -968 -769 814
1
930
391
6
815 -810 -324 697 832 105
490 871 313 139 489 -749
3
-487 303 531
-346 -943 -768
1
242
786
8
-224 -187 732 -857 -615 -613 904 -772
602 -697 -840 294 -835 -604 388 -980
2
505 -172
545 -892
8
253 661 -790 860 -643 -848 798 -887
-366 612 -808 -866 745 637 795 549
1
-571
-948
2
-194 793
857 826
6
752 982 697 -714 -479 -635
419 -367 961 266 109 881
4
579 -338 447 -21
-386 -615 -759 -585
6
328 229 435 -893 -382 -315
231 -944 587 -269 -258 986
7
-904 994 530 935 831 -983 669
865 940 645 990 302 529 -383
6
-795 -762 909 -632 -601 443
617 772 803 601 982 -998
3
746 226 -335
290 -768 916
3
623 -245 -36
-308 401 -715
7
-156 -472 -200 -736 -630 8 77
-40 956 151 531 254 232 294
3
-290 532 741
-827 -579 170
3
-558 -952 918
-865 787 936
4
319 -453 -56 -335
-183 574 153 -582
8
294 -927 -677 493 993 790 856 -599
868 -622 -352 852 818 763 -642 -132
6
980 685 591 -183 47 -661
695 -210 655 -930 541 897
6
979 270 -239 -61 97 -60
151 -477 664 -41 -199 907
8
20 623 -79 349 597 654 -594 758
-595 990 407 -194 587 876 355 764
7
464 966 237 -136 -321 -934 -27
403 338 655 45 892 -610 478
4
-957 961 993 -477
-352 -820 883 897
1
867
-130
6
115 -130 90 -56 187 519
-421 299 129 779 29 541
7
-465 -719 -476 202 547 893 -438
-827 -913 832 514 103 946 -836
7
458 -629 -590 -557 947 949 -998
-915 -825 -391 582 -361 -556 -745
8
991 -806 -894 -776 206 980 -772 996
-601 -665 -163 -579 216 301 969 -638
8
-253 -130 291 209 370 -569 -497 -496
-118 907 -404 -910 -967 -888 -967 -690
2
-28 -620
-785 -910
7
514 954 -324 75 939 -94 295
-904 -906 -391 -579 674 -62 -33
8
738 -451 358 769 132 -808 -450 851
360 708 979 -925 -707 13 -294 -590
4
-679 -641 486 49
-576 -652 -772 -421
6
810 -661 104 -589 -51 -973
-945 615 -919 -425 649 182
4
-862 -719 307 815
-468 -780 82 960
8
-832 -895 -762 651 -458 -889 -814 675
-631 86 -437 -123 -846 -618 761 755
6
475 930 -767 -715 -207 -956
-847 951 -785 -764 630 -846
8
891 -716 -642 -965 502 1000 833 673
434 752 992 -896 -954 989 -633 864
8
-495 -546 156 25 985 211 456 399
-14 -387 36 -144 232 235 -717 236
8
-644 802 414 819 -920 834 940 902
-571 -351 -825 230 710 383 895 -954
7
-671 -486 604 210 661 9 -779
904 308 510 -250 812 -697 -774
3
-832 321 -109
-709 -776 -335
8
986 -259 986 986 461 503 933 -680
554 282 -752 -724 567 -837 892 104
7
-581 805 -975 648 -937 -553 128
-255 952 -840 859 -923 146 771
7
316 395 876 145 -286 -140 -464
482 -390 -330 516 -669 35 621
8
-928 -926 -677 452 -188 474 799 -733
345 727 725 -496 -466 -461 532 958
8
-174 796 199 -739 926 863 -841 -957
301 876 -874 979 479 -780 935 -931
3
574 16 898
332 909 993
7
962 -728 -859 855 118 152 1
-164 842 -142 745 -190 87 -811
8
-106 187 670 617 -327 -669 -143 -354
36 171 158 203 40 256 -58 -22
6
-263 -154 -819 170 -275 732
-281 231 796 729 -635 -682
8
-361 877 -914 526 -780 -857 462 -973
675 -468 875 877 -747 -823 -583 -927
3
724 -85 -855
974 -873 -538
3
-275 839 623
816 106 -295
2
-140 -931
-876 993
6
544 653 367 774 966 903
-242 -947 -521 -378 -402 -830
8
510 808 -972 712 -691 639 -243 -771
-509 230 -846 -210 -96 -289 488 -544
3
-337 -153 485
236 -19 545
5
436 956 509 -784 679
953 329 -899 -332 -817
1
593
357
8
159 -95 670 866 78 978 -656 -147
-832 -882 145 -75 100 -895 236 360
6
-764 910 357 420 934 953
-809 -826 762 -958 882 989
7
-526 405 -869 415 -469 -144 971
-697 550 899 952 836 770 -858
7
-474 977 930 -537 812 -493 993
927 415 733 908 -224 -523 -895
8
999 994 994 993 992 996 997 997
991 999 992 998 991 999 998 991
7
862 -668 592 883 787 920 676
95 -853 624 -943 788 -769 -390
2
448 208
32 352
8
613 305 -812 -773 172 -318 266 925
338 -337 -419 56 195 -482 528 -155
8
-800 285 -295 -886 -844 547 -390 691
150 646 917 -542 448 767 163 -576
4
20 724 228 86
-32 -177 -619 -600
6
257 -803 536 546 -561 -337
681 -645 653 -970 606 711
8
477 256 -499 -184 970 360 -887 540
-562 -930 -962 -627 954 819 -962 950
2
450 675
-712 -87
1
451
-5
5
838 -543 -440 566 -679
762 -416 -152 84 452
8
660 909 -709 -513 910 -748 362 855
-810 606 -885 -950 412 -506 -699 919
5
702 -959 780 -905 -920
140 871 -967 564 978
2
580 -958
835 -767
8
166 -424 463 -383 588 846 -293 -137
927 774 -817 -672 -699 -19 -833 26
7
702 375 582 -237 -436 -898 -560
615 -514 390 -951 851 789 -951
1
31
502
6
-145 172 1 -935 -765 -134
50 -749 -838 -570 136 -488
7
66 285 -387 -139 49 213 -135
91 12 203 -5 -750 -99 -53
8
625 -607 -989 -955 835 452 878 -791
504 -541 906 -751 -930 -848 -605 -508
8
-922 941 -930 -975 -394 -900 728 853
660 609 -910 887 800 -359 -607 -572
1
-20
841
5
742 -976 608 345 -773
855 353 689 -924 930
6
174 -665 6 239 92 365
-70 240 -428 699 19 266
8
-1 1 0 -1 0 1 -1 -1
0 0 0 -1 -1 0 0 1
3
535 432 632
-624 684 -133
6
-304 -993 -758 -924 563 525
-780 756 760 -322 -296 980
1
-107
-214
5
173 61 699 -424 -19
-72 287 -267 501 -159
4
595 923 -365 254
-325 -198 990 -738
3
-488 -408 894
654 216 -412
1
587
-976
3
-830 552 326
885 -997 -757
7
-548 -885 692 355 -816 935 519
649 64 -761 -652 -856 -550 504
8
580 -236 557 -673 755 221 576 840
-634 -553 -733 322 -642 -509 -348 981
7
892 719 885 158 970 344 -895
-977 -38 -962 -211 -905 -899 804
1
-990
-218
3
362 -476 -366
410 -405 698
7
-244 -421 344 6 487 109 -879
-562 819 580 291 176 483 169
7
586 765 -55 463 -629 226 -180
-997 467 379 675 -693 830 -672
5
985 140 932 -888 -742
566 -886 179 888 141
5
-733 224 -850 -635 450
-437 65 372 -910 -906
8
574 -868 589 700 761 -685 -34 -747
882 -531 992 -682 -428 661 69 976
8
-745 -27 -350 403 -83 377 -402 -334
844 141 87 -637 -458 250 901 -33
2
-464 509
927 793
7
-907 -556 16 -806 843 -971 994
559 -862 816 781 981 -492 -938
8
-162 268 19 -645 220 -522 -210 -458
-114 -645 -747 -122 -455 378 -485 492
7
-588 664 -759 -208 -822 794 935
-642 -683 206 -293 -524 337 -640
3
-555 673 -363
770 627 -802
8
883 926 -682 721 831 502 -187 995
-951 -845 824 -794 -329 -924 734 877
2
924 786
870 313
7
132 -274 60 -9 -106 642 -358
342 -361 -211 474 -20 512 -561
7
-958 680 323 762 -668 38 555
552 -894 627 -950 -98 -933 371
5
850 -885 945 879 503
950 -457 -902 398 -899
8
-613 -984 833 832 -680 -950 -908 685
-825 573 803 -956 -716 -864 -408 845
7
-732 -35 263 500 -50 -191 -370
-838 -55 56 525 564 134 -171
8
-895 582 966 321 396 822 -813 -875
896 394 996 449 49 712 491 -825
6
-824 769 -518 -629 752 -804
357 892 834 -890 593 607
5
-14 351 -455 41 663
-38 -336 -92 -484 552
7
854 -852 434 716 796 -459 -698
-375 -387 -966 941 835 -910 975
7
-421 366 -641 415 -951 -177 837
-842 441 -66 -718 -15 -311 -109
