100
2
2
2 1 0 2 0
1 2 1
10
7
6 2 0 3 0 10 0 8 0 5 0 1 0
7 3 0 1 0 10 0 6 0 8 0 4 1 7 0
1 5 0
4 3 0 5 0 4 1 1 0
1 4 1
5 10 0 3 0 2 0 7 0 5 0
6 9 0 3 0 6 0 5 0 4 1 7 0
5
6
5 3 0 4 0 5 0 1 0 2 0
5 2 0 3 0 5 0 4 0 1 0
5 4 0 3 0 2 0 5 0 1 0
5 5 0 2 0 1 0 4 0 3 0
5 4 0 5 0 3 0 1 0 2 0
5 3 0 2 0 5 0 4 0 1 0
1
3
1 1 0
1 1 0
1 1 0
2
2
2 1 0 2 1
1 1 0
2
2
2 1 1 2 0
1 1 1
9
11
4 2 0 8 0 4 0 1 0
5 8 0 4 0 5 0 2 0 6 0
8 8 0 4 0 7 1 6 0 1 0 9 0 2 0 3 0
1 4 0
3 9 0 7 1 1 0
1 1 0
4 2 0 1 0 5 0 6 0
7 1 0 7 1 4 0 9 0 2 0 6 0 8 0
3 4 0 2 0 1 0
1 7 1
5 2 0 1 0 3 0 7 1 6 0
5
3
1 4 1
2 4 0 2 0
1 3 0
4
51
2 1 1 2 0
1 1 1
1 2 0
1 4 0
1 3 0
1 3 0
2 4 0 1 1
2 3 0 2 0
1 1 1
2 2 0 4 0
2 4 0 1 1
1 4 0
1 1 1
2 1 1 4 0
1 3 0
1 2 0
1 1 1
2 4 0 1 1
1 2 0
3 3 0 2 0 4 0
1 3 0
2 3 0 2 0
1 1 1
2 4 0 1 1
1 1 1
2 1 1 2 0
3 4 0 3 0 1 1
1 4 0
1 4 0
3 1 1 4 0 2 0
2 2 0 3 0
2 3 0 4 0
2 4 0 2 0
2 2 0 4 0
4 3 0 1 1 4 0 2 0
1 1 1
1 3 0
3 4 0 3 0 1 1
1 1 1
3 4 0 2 0 1 1
1 2 0
2 2 0 4 0
1 1 1
4 4 0 2 0 1 1 3 0
4 2 0 3 0 4 0 1 1
2 4 0 3 0
2 2 0 3 0
4 3 0 2 0 1 1 4 0
1 2 0
3 3 0 1 1 2 0
2 2 0 1 1
10
6
3 2 0 6 1 1 0
7 3 0 8 0 1 0 6 1 4 0 5 0 2 0
2 10 0 7 0
1 6 1
8 10 0 2 0 1 0 7 0 3 0 8 0 4 0 6 1
3 3 0 4 0 5 0
6
2
1 4 1
4 4 1 5 0 1 0 6 0
5
44
4 5 1 4 0 1 0 3 0
3 1 0 5 1 4 0
1 4 0
2 5 1 3 0
2 2 0 5 0
1 1 0
1 1 0
1 5 0
2 1 0 5 1
3 1 0 4 0 2 1
4 1 0 3 0 2 1 4 0
1 5 0
1 2 0
1 5 0
1 5 0
1 1 0
4 5 1 4 0 1 0 3 0
3 1 0 3 0 5 1
4 3 0 4 0 5 1 1 0
1 2 0
2 4 0 5 1
1 3 0
1 2 0
1 5 0
1 2 1
1 4 0
2 4 0 1 0
2 2 0 5 0
4 5 1 3 0 4 0 1 0
2 2 0 5 0
4 4 0 1 0 3 0 5 1
4 5 1 3 0 1 0 4 0
1 5 1
3 2 1 3 0 1 0
4 4 0 3 0 1 0 5 1
3 4 0 3 0 1 0
3 2 1 4 0 1 0
2 2 0 5 0
1 5 0
3 4 0 2 1 1 0
1 2 1
2 3 0 5 1
4 2 1 1 0 4 0 3 0
1 2 0
2
2
1 1 1
1 1 1
3
6
1 2 0
1 3 1
3 1 0 3 1 2 0
1 3 1
2 1 0 3 1
2 1 0 3 1
10
56
2 5 0 10 1
2 3 0 6 0
2 5 0 7 0
3 7 0 1 0 3 0
1 4 0
2 5 0 3 0
8 1 0 6 0 8 0 5 0 9 0 10 1 3 0 2 0
1 10 1
8 5 0 7 0 9 0 4 0 3 0 2 0 10 1 1 0
5 2 0 9 0 7 0 5 0 10 1
3 2 0 7 0 3 0
4 2 0 5 0 4 0 8 0
9 8 0 3 0 4 0 9 0 2 0 6 0 1 0 7 0 10 1
2 9 0 1 0
1 10 1
3 6 0 2 0 9 0
1 5 0
7 6 0 2 0 9 0 3 0 4 0 10 1 5 0
2 2 0 7 0
1 1 0
4 4 0 7 0 2 0 9 0
8 9 0 6 0 7 0 10 1 5 0 1 0 8 0 4 0
10 8 0 1 0 5 0 9 0 4 0 6 0 3 0 10 1 2 0 7 0
6 2 0 7 0 4 0 1 0 10 1 3 0
1 1 0
1 3 0
9 7 0 2 0 1 0 6 0 5 0 8 0 9 0 4 0 3 0
2 5 0 1 0
2 7 0 5 0
4 9 0 10 1 6 0 7 0
5 7 0 1 0 10 1 9 0 5 0
2 3 0 1 0
1 4 0
2 7 0 6 0
1 5 0
1 4 0
2 1 0 5 0
4 4 0 3 0 2 0 9 0
4 5 0 10 1 4 0 8 0
4 8 0 3 0 7 0 2 0
3 3 0 1 0 6 0
7 9 0 8 0 2 0 1 0 5 0 10 1 7 0
1 6 0
1 6 0
2 6 0 9 0
3 9 0 3 0 2 0
9 1 0 7 0 3 0 6 0 2 0 8 0 9 0 4 0 5 0
2 1 0 2 0
3 2 0 6 0 4 0
5 9 0 5 0 8 0 1 0 6 0
7 3 0 10 1 7 0 9 0 6 0 8 0 2 0
9 5 0 1 0 6 0 10 1 4 0 2 0 9 0 3 0 8 0
10 3 0 10 1 7 0 9 0 6 0 8 0 1 0 2 0 4 0 5 0
10 1 0 4 0 5 0 8 0 10 1 3 0 2 0 7 0 9 0 6 0
4 1 0 6 0 10 1 7 0
1 9 0
4
2
1 2 0
1 4 1
2
2
1 2 0
1 1 0
2
2
2 2 1 1 0
2 2 0 1 1
5
25
1 3 1
3 5 0 2 1 1 0
2 2 1 1 0
1 1 0
1 3 1
1 5 0
1 3 1
2 1 0 4 1
2 4 1 1 0
1 5 0
2 4 1 1 0
2 2 0 4 1
1 2 1
1 2 1
1 4 1
1 3 1
2 2 1 1 0
1 4 1
3 3 1 5 0 1 0
2 5 0 2 1
3 4 1 5 0 1 0
1 2 1
3 2 0 4 0 3 1
1 5 0
2 1 0 4 1
5
17
3 1 0 2 1 4 0
2 1 0 3 1
2 4 0 3 1
1 3 1
2 4 0 3 1
3 5 0 4 0 2 1
4 1 0 4 0 5 0 3 1
1 3 1
3 3 1 5 0 1 0
1 1 0
2 3 1 4 0
2 4 0 1 0
1 2 1
3 5 0 4 0 2 1
2 5 0 1 0
2 3 1 1 0
3 2 1 5 0 4 0
10
42
2 7 0 2 1
1 8 1
1 2 1
3 2 1 7 0 3 0
1 2 1
1 10 1
1 4 1
3 7 0 3 0 6 1
1 5 1
2 10 0 6 1
1 4 1
3 2 0 1 0 4 1
1 2 1
1 8 1
1 1 1
2 7 0 2 1
1 4 1
2 3 0 6 1
1 6 1
1 10 1
4 6 0 9 0 10 0 5 1
1 10 1
1 1 1
3 7 0 10 1 3 0
4 10 0 9 0 8 0 1 1
2 8 1 7 0
3 3 0 4 1 7 0
2 3 0 1 1
2 5 1 3 0
3 9 1 3 0 7 0
1 9 1
2 8 0 2 1
3 7 0 3 0 1 1
2 6 1 3 0
2 6 1 7 0
1 4 1
1 6 1
1 7 0
2 1 1 7 0
2 7 0 6 1
1 4 1
2 5 1 7 0
4
22
1 3 0
3 4 0 3 0 2 0
1 3 0
2 1 1 3 0
4 3 0 4 0 1 1 2 0
3 2 0 4 0 1 1
4 3 0 2 0 4 0 1 1
1 1 1
4 3 0 2 0 4 0 1 1
1 1 1
3 2 0 3 0 4 0
2 2 0 3 0
1 4 0
3 2 0 4 0 3 0
4 4 0 3 0 2 0 1 1
2 3 0 4 0
1 1 1
2 2 0 1 1
3 1 1 2 0 4 0
3 2 0 4 0 1 1
1 1 1
1 2 0
5
94
2 3 0 1 0
1 5 0
1 1 0
2 5 0 2 0
2 2 0 5 0
2 4 1 2 0
1 3 0
2 4 1 2 0
1 5 0
3 3 0 5 0 1 0
5 3 0 4 1 5 0 1 0 2 0
5 3 0 4 1 5 0 2 0 1 0
2 4 1 1 0
1 1 0
2 4 1 5 0
2 1 0 4 1
2 4 1 2 0
1 3 0
2 2 0 5 0
4 5 0 3 0 2 0 1 0
4 2 0 4 1 1 0 5 0
2 5 0 1 0
2 4 1 5 0
4 5 0 4 1 1 0 2 0
4 3 0 2 0 1 0 5 0
1 1 0
1 3 0
3 1 0 5 0 2 0
4 5 0 2 0 4 1 1 0
3 1 0 4 1 3 0
1 3 0
3 4 1 2 0 3 0
5 4 1 3 0 5 0 2 0 1 0
2 3 0 2 0
1 5 0
2 5 0 1 0
1 3 0
4 1 0 2 0 4 1 5 0
3 3 0 1 0 2 0
4 1 0 3 0 5 0 4 1
4 3 0 2 0 5 0 1 0
1 5 0
4 5 0 1 0 3 0 2 0
4 4 1 3 0 2 0 5 0
1 2 0
2 2 0 1 0
1 1 0
1 2 0
1 4 1
5 2 0 4 1 3 0 1 0 5 0
1 5 0
1 1 0
1 4 1
2 5 0 2 0
3 2 0 3 0 4 1
4 3 0 5 0 4 1 1 0
2 1 0 5 0
3 1 0 3 0 2 0
1 2 0
5 5 0 2 0 3 0 4 1 1 0
4 3 0 5 0 1 0 2 0
1 2 0
1 1 0
3 2 0 5 0 1 0
4 1 0 4 1 3 0 2 0
1 3 0
3 5 0 2 0 3 0
1 4 1
1 3 0
1 2 0
1 5 0
2 3 0 4 1
2 2 0 4 1
2 3 0 4 1
1 4 1
1 3 0
1 5 0
1 4 1
1 3 0
1 4 1
4 5 0 2 0 3 0 1 0
2 4 1 5 0
1 2 0
4 3 0 5 0 1 0 4 1
5 2 0 3 0 4 1 5 0 1 0
2 4 1 5 0
1 5 0
2 5 0 2 0
1 2 0
1 2 0
4 2 0 4 1 5 0 1 0
1 4 1
4 3 0 5 0 1 0 4 1
4 1 0 5 0 4 1 3 0
1
3
1 1 1
1 1 1
1 1 1
2
2
2 1 0 2 0
2 2 0 1 1
2
2
2 2 0 1 0
2 2 0 1 0
5
23
3 2 1 5 0 3 0
3 5 0 4 1 3 0
1 4 0
2 5 0 4 1
2 3 0 1 1
3 3 0 2 1 5 0
1 1 1
2 5 0 3 0
2 1 0 4 0
2 4 0 2 1
2 2 0 4 0
1 2 1
1 4 1
2 1 1 3 0
2 4 1 3 0
1 2 1
2 5 0 4 1
3 3 0 4 1 5 0
1 4 1
1 4 0
1 5 0
3 3 0 5 0 2 1
1 4 1
2
2
1 2 1
1 2 0
7
30
1 4 0
1 5 1
4 4 0 5 1 1 0 2 0
5 7 0 6 0 1 0 4 0 5 1
2 1 0 7 0
4 4 0 3 0 5 1 7 0
5 7 0 3 0 6 0 5 1 2 0
1 1 0
2 7 0 2 0
6 5 1 1 0 3 0 6 0 7 0 2 0
5 6 0 4 0 2 0 7 0 3 0
1 5 1
1 7 0
3 7 0 5 1 1 0
3 6 0 5 1 3 0
1 2 0
2 5 1 6 0
1 3 0
2 3 0 1 0
5 1 0 4 0 5 1 3 0 2 0
2 5 1 1 0
5 7 0 2 0 3 0 6 0 5 1
5 7 0 1 0 5 1 4 0 6 0
4 2 0 1 0 4 0 7 0
4 1 0 7 0 5 1 6 0
2 3 0 1 0
2 3 0 4 0
2 7 0 4 0
1 4 0
1 2 0
4
17
3 4 0 2 1 3 0
1 3 0
1 2 1
3 2 1 4 0 3 0
3 3 0 1 1 4 0
1 2 1
1 3 0
1 1 1
3 4 0 3 0 2 1
1 3 0
1 1 1
3 4 0 3 0 2 1
2 2 1 4 0
2 3 0 1 1
1 1 1
3 1 1 3 0 4 0
2 2 1 4 0
10
87
4 4 0 1 0 7 1 2 0
4 1 0 3 0 2 0 8 1
2 2 0 4 0
5 3 0 4 0 1 0 8 1 2 0
1 5 1
1 6 1
1 7 1
5 2 0 9 1 1 0 3 0 4 0
3 2 0 4 0 8 1
4 4 0 2 0 5 1 3 0
2 5 1 4 0
1 7 1
5 2 0 4 0 3 0 8 1 1 0
3 6 1 1 0 3 0
3 2 0 10 1 1 0
1 7 1
2 1 0 8 1
2 7 1 4 0
1 4 0
2 3 0 9 1
3 8 1 2 0 4 0
1 6 1
1 9 1
4 4 0 7 1 1 0 3 0
2 9 1 1 0
4 3 0 4 0 5 1 1 0
3 3 0 1 0 10 1
5 6 1 2 0 3 0 4 0 1 0
2 3 0 10 1
4 4 0 9 1 1 0 3 0
3 6 1 3 0 1 0
5 1 0 2 0 4 0 5 1 3 0
2 2 0 6 1
3 2 0 8 1 4 0
1 5 1
4 4 0 1 0 10 1 3 0
2 4 0 6 1
2 3 0 8 1
3 5 1 4 0 1 0
2 8 1 4 0
2 8 1 4 0
1 8 1
2 9 1 2 0
3 3 0 9 1 2 0
5 2 0 5 1 4 0 1 0 3 0
1 3 0
2 9 1 2 0
1 9 1
2 7 1 2 0
3 2 0 9 1 3 0
1 7 1
2 2 0 7 1
2 3 0 9 1
1 10 1
4 2 0 1 0 3 0 7 1
3 7 1 1 0 3 0
1 10 1
2 5 1 3 0
1 6 1
5 2 0 3 0 9 1 4 0 1 0
4 2 0 1 0 3 0 7 1
2 1 0 9 1
1 2 0
1 5 1
3 2 0 5 1 4 0
1 3 0
1 7 1
1 8 1
2 3 0 8 1
1 5 1
1 10 1
1 4 0
3 4 0 5 1 3 0
2 1 0 6 1
2 7 1 1 0
1 6 1
2 3 0 5 1
1 1 0
3 3 0 7 1 4 0
4 1 0 2 0 3 0 6 1
5 2 0 4 0 5 1 1 0 3 0
2 1 0 6 1
1 9 1
1 9 1
1 4 0
1 3 0
2 1 0 4 0
3
5
2 3 0 2 1
1 2 1
1 2 1
3 3 0 1 0 2 1
1 3 0
2
2
2 2 0 1 1
1 2 0
8
87
5 6 0 1 0 2 1 7 0 5 0
6 1 0 5 0 2 1 7 0 4 0 6 0
1 3 1
6 4 0 1 0 5 0 6 0 7 0 3 1
3 6 0 4 0 3 1
6 1 0 3 1 6 0 5 0 4 0 7 0
5 2 1 7 0 1 0 5 0 4 0
1 3 1
5 1 0 8 1 7 0 5 0 4 0
3 5 0 1 0 6 0
1 6 0
4 5 0 4 0 3 1 6 0
1 5 0
4 8 1 5 0 7 0 1 0
2 3 1 7 0
2 2 1 6 0
4 1 0 4 0 6 0 2 1
4 2 1 5 0 1 0 4 0
2 6 0 7 0
4 5 0 4 0 6 0 7 0
3 6 0 1 0 8 1
4 1 0 7 0 8 1 6 0
5 1 0 2 1 5 0 7 0 4 0
2 1 0 4 0
1 6 0
1 7 0
1 3 1
3 7 0 5 0 8 1
1 2 1
2 3 1 7 0
4 4 0 3 1 6 0 1 0
3 4 0 6 0 3 1
2 6 0 8 1
2 5 0 1 0
2 3 1 6 0
1 4 0
1 8 1
2 2 0 3 1
2 6 0 7 0
5 5 0 1 0 7 0 2 1 6 0
2 1 0 3 1
1 4 0
3 2 1 5 0 1 0
6 6 0 1 0 5 0 4 0 7 0 8 1
4 1 0 4 0 3 1 7 0
3 2 1 4 0 5 0
5 1 0 5 0 7 0 4 0 8 1
3 8 1 1 0 6 0
5 5 0 1 0 7 0 6 0 8 1
4 4 0 8 1 5 0 6 0
2 6 0 5 0
1 3 1
5 7 0 4 0 6 0 3 1 5 0
2 4 0 7 0
1 7 0
2 1 0 4 0
1 5 0
6 5 0 8 1 7 0 6 0 4 0 1 0
3 4 0 7 0 5 0
2 4 0 1 0
1 5 0
3 3 1 1 0 4 0
1 4 0
2 7 0 1 0
3 6 0 8 1 1 0
5 2 1 7 0 5 0 4 0 6 0
1 2 1
3 5 0 3 1 6 0
4 1 0 3 1 6 0 4 0
5 5 0 7 0 6 0 4 0 8 1
1 2 1
4 3 1 6 0 5 0 7 0
5 3 1 5 0 1 0 7 0 6 0
1 7 0
2 4 0 8 1
1 6 0
5 4 0 5 0 1 0 3 1 6 0
3 4 0 1 0 3 1
1 8 1
3 3 1 5 0 4 0
3 3 1 7 0 4 0
1 3 1
1 8 1
1 2 1
1 5 0
1 5 0
1 3 1
4
77
4 3 0 2 1 4 0 1 0
2 3 0 4 0
1 2 1
1 1 0
3 1 0 2 1 3 0
3 4 0 2 1 3 0
3 1 0 4 0 3 0
2 3 0 1 0
1 1 0
1 1 0
3 2 1 1 0 3 0
2 3 0 4 0
2 4 0 3 0
1 2 1
2 2 1 1 0
1 1 0
2 3 0 2 1
1 3 0
1 4 0
3 3 0 1 0 4 0
3 4 0 2 1 1 0
2 2 1 1 0
1 2 1
2 4 0 1 0
1 2 1
1 3 0
3 1 0 2 1 3 0
2 1 0 3 0
1 3 0
4 2 1 1 0 4 0 3 0
2 4 0 2 1
1 2 1
2 4 0 1 0
1 3 0
1 2 1
1 3 0
4 1 0 4 0 3 0 2 1
1 1 0
1 3 0
2 4 0 1 0
4 3 0 4 0 2 1 1 0
1 3 0
1 4 0
1 1 0
3 3 0 2 1 1 0
2 2 1 4 0
1 4 0
1 3 0
4 2 1 1 0 3 0 4 0
1 1 0
2 4 0 2 1
1 3 0
2 3 0 4 0
1 4 0
1 3 0
1 3 0
2 4 0 3 0
2 1 0 2 1
1 3 0
2 1 0 2 1
2 3 0 4 0
4 3 0 2 1 1 0 4 0
1 3 0
1 3 0
1 3 0
1 1 0
1 2 1
1 4 0
2 1 0 4 0
4 4 0 2 1 3 0 1 0
2 4 0 1 0
1 2 1
3 2 1 4 0 1 0
1 3 0
2 2 1 4 0
2 3 0 4 0
2 2 1 1 0
3
26
1 1 0
1 3 0
1 1 0
1 1 0
1 1 0
1 1 0
1 1 0
1 1 0
1 1 0
1 1 0
1 1 0
1 1 0
1 1 1
1 1 0
1 1 0
1 1 0
2 1 1 3 0
1 1 0
1 1 0
1 2 0
1 1 0
1 1 0
1 1 0
1 1 0
1 1 0
1 1 0
2
2
2 2 0 1 0
1 2 0
3
8
3 1 0 3 0 2 1
1 2 1
1 1 0
1 1 0
2 3 0 1 0
2 1 0 3 0
1 2 1
1 1 0
8
50
5 5 0 8 0 6 0 2 0 3 1
3 3 1 7 0 1 0
2 7 0 3 0
2 3 0 1 0
2 8 0 5 0
3 1 0 7 0 3 0
3 7 0 1 0 3 0
5 2 0 4 0 7 1 5 0 8 0
1 3 0
3 6 0 7 1 8 0
3 7 0 3 0 1 0
1 1 0
1 1 1
2 7 1 1 0
1 8 0
1 7 0
2 3 1 5 0
3 4 0 8 0 7 1
1 1 0
5 3 1 2 0 5 0 8 0 6 0
2 2 0 8 0
2 8 0 6 0
4 3 1 8 0 5 0 2 0
1 3 0
4 7 1 2 0 6 0 8 0
2 1 1 6 0
1 1 1
3 4 0 3 1 8 0
2 3 0 7 0
1 2 0
1 1 1
4 2 0 1 1 5 0 8 0
5 8 0 5 0 2 0 6 0 1 1
2 3 0 7 0
5 5 0 2 0 6 0 3 1 4 0
2 7 0 3 0
4 6 0 3 1 4 0 2 0
1 6 0
2 3 0 1 0
3 7 0 3 0 1 0
3 5 0 2 0 6 0
1 7 0
2 1 0 3 0
6 8 0 5 0 6 0 2 0 3 1 4 0
3 1 0 7 0 3 0
1 7 0
1 7 0
2 1 0 3 0
3 6 0 4 0 1 1
4 1 1 2 0 4 0 8 0
4
12
1 1 0
1 3 1
1 3 1
2 4 0 2 0
1 3 1
3 1 0 4 0 2 0
1 2 0
3 4 0 2 0 3 1
2 1 0 4 0
4 4 0 2 0 3 1 1 0
1 3 1
2 4 0 2 0
3
39
1 1 1
1 2 0
1 2 0
2 2 0 1 1
1 3 0
2 1 1 3 0
1 2 0
3 3 0 2 0 1 1
1 1 1
1 1 1
1 3 0
2 3 0 2 0
1 3 0
2 1 1 3 0
1 1 1
2 3 0 2 0
1 1 1
2 1 1 2 0
1 3 0
2 2 0 1 1
1 3 0
1 2 0
2 3 0 1 1
2 1 1 2 0
3 1 1 3 0 2 0
2 1 1 3 0
3 2 0 3 0 1 1
2 3 0 2 0
1 3 0
1 1 1
2 1 1 2 0
3 3 0 1 1 2 0
2 2 0 3 0
3 2 0 3 0 1 1
1 1 1
2 2 0 1 1
1 3 0
1 1 1
3 3 0 2 0 1 1
5
36
1 4 0
2 1 1 4 0
3 5 0 3 1 4 0
1 1 1
4 4 0 2 0 5 0 1 1
2 1 1 3 0
1 4 0
2 5 0 4 0
2 5 0 3 1
1 1 1
2 1 1 5 0
2 4 0 1 1
3 1 1 5 0 4 0
1 2 0
2 1 1 5 0
1 1 1
4 1 1 4 0 2 0 5 0
1 1 1
1 2 0
1 5 0
3 1 1 2 0 4 0
1 3 1
1 5 0
1 3 1
2 4 0 2 0
1 4 0
2 1 1 2 0
1 3 1
1 4 0
1 3 1
4 5 0 2 0 1 1 4 0
2 2 0 4 0
1 4 0
4 2 0 1 1 4 0 5 0
3 3 1 2 0 5 0
2 1 1 5 0
1
2
1 1 1
1 1 0
4
37
3 3 1 2 0 1 0
3 2 0 4 1 1 0
1 3 1
1 4 1
1 3 1
3 2 0 1 0 4 1
1 3 1
1 1 0
1 2 0
3 4 1 2 0 1 0
2 3 1 2 0
3 3 1 2 0 1 0
1 2 0
1 3 1
1 3 1
1 1 0
1 1 0
3 3 1 1 0 2 0
1 4 1
1 1 0
1 3 1
2 2 0 3 1
1 2 0
2 3 1 1 0
3 3 1 2 0 1 0
1 3 1
1 1 0
1 4 1
1 3 1
1 3 1
1 4 1
1 4 1
3 1 0 2 0 4 1
1 4 1
1 1 0
1 3 1
1 3 1
8
33
2 7 1 3 0
1 8 1
1 7 1
3 6 1 1 0 3 0
1 1 0
3 5 1 1 0 4 0
4 3 0 1 0 2 1 4 0
3 5 0 6 1 2 0
1 5 1
1 7 1
3 3 0 8 1 1 0
2 6 1 1 0
4 3 0 1 0 8 1 4 0
1 2 1
1 1 0
3 4 0 1 0 2 1
4 4 0 1 0 6 1 3 0
1 4 0
3 4 0 1 0 3 0
2 3 0 8 1
3 2 1 3 0 1 0
2 3 0 8 1
3 3 0 4 0 1 0
1 7 1
2 4 0 6 1
1 5 1
4 4 0 3 0 1 0 8 1
2 8 1 3 0
3 1 0 2 1 4 0
2 3 0 2 1
1 8 1
3 4 0 2 1 1 0
2 4 0 2 1
2
2
2 1 0 2 0
2 1 1 2 0
2
2
2 2 1 1 0
1 2 0
9
60
1 6 1
3 3 1 1 0 8 0
1 3 1
2 1 0 9 0
1 4 1
4 6 1 5 0 7 0 9 0
3 4 1 5 0 8 0
2 5 0 4 1
1 4 1
1 9 0
3 2 1 3 0 4 0
1 6 1
1 2 1
1 5 0
1 2 1
5 3 1 9 0 7 0 1 0 5 0
4 3 1 1 0 9 0 7 0
4 9 0 1 0 7 0 4 1
5 8 0 5 0 1 0 9 0 4 1
1 6 1
1 6 1
4 6 1 9 0 1 0 8 0
1 3 1
5 9 0 1 0 8 0 5 0 6 1
2 9 0 4 1
1 4 1
1 3 1
5 4 1 9 0 1 0 8 0 5 0
3 5 0 7 0 4 1
1 4 1
2 6 1 9 0
4 9 0 8 0 5 0 6 1
1 6 1
1 3 1
1 4 1
2 5 0 4 1
5 7 0 1 0 5 0 8 0 4 1
2 5 0 3 1
3 8 0 3 1 5 0
1 8 0
1 3 1
3 3 1 8 0 5 0
1 1 0
3 8 0 2 1 9 0
4 1 0 9 0 5 0 4 1
5 8 0 3 1 7 0 1 0 5 0
4 3 1 8 0 1 0 7 0
2 1 0 7 0
3 7 0 3 1 8 0
2 9 0 8 0
3 9 0 4 1 1 0
5 5 0 4 1 7 0 8 0 9 0
4 7 0 3 1 1 0 5 0
2 1 0 6 1
4 8 0 1 0 5 0 3 1
6 1 0 7 0 8 0 5 0 4 1 9 0
1 6 1
3 7 0 3 1 1 0
2 7 0 4 1
4 1 0 6 1 7 0 5 0
9
12
2 8 0 3 1
1 8 1
1 7 1
3 2 0 5 0 1 1
5 5 0 6 0 2 0 1 1 9 0
2 5 0 7 1
1 7 0
4 4 1 5 0 9 0 2 0
1 4 1
2 1 1 4 0
3 8 0 4 0 1 0
1 4 1
10
91
2 2 0 1 0
1 8 0
1 6 0
1 1 1
2 2 1 9 0
4 10 0 5 0 7 1 3 0
2 8 0 1 1
1 7 1
3 9 0 4 1 8 0
2 5 0 1 1
4 6 1 10 0 3 0 9 0
4 9 0 8 0 1 1 3 0
2 5 0 6 1
2 2 1 5 0
1 4 1
3 10 0 9 0 1 1
6 5 0 10 0 9 0 7 1 3 0 8 0
5 3 0 7 1 5 0 8 0 10 0
3 3 0 8 0 10 0
1 8 0
4 5 0 10 0 8 0 4 1
1 3 0
1 6 0
1 4 1
2 7 1 9 0
3 5 0 9 0 2 1
2 2 0 7 0
1 3 0
3 10 0 8 0 6 1
5 9 0 5 0 1 1 3 0 8 0
1 1 1
3 7 1 5 0 9 0
4 6 1 10 0 9 0 8 0
3 6 1 3 0 8 0
5 10 0 9 0 3 0 8 0 4 1
5 5 0 10 0 8 0 2 1 3 0
1 2 1
3 2 1 3 0 10 0
2 4 1 5 0
1 8 0
2 1 1 8 0
4 2 1 9 0 5 0 8 0
3 5 0 9 0 6 1
4 7 0 1 0 2 0 6 0
3 7 1 3 0 10 0
2 3 0 8 0
2 9 0 8 0
2 6 1 7 0
4 8 0 6 1 5 0 10 0
1 6 1
4 9 0 1 1 5 0 3 0
1 1 1
1 1 1
2 3 0 6 1
2 9 0 3 0
5 9 0 3 0 5 0 8 0 7 1
4 9 0 10 0 5 0 6 1
1 8 0
5 1 1 9 0 5 0 3 0 8 0
4 5 0 2 1 8 0 9 0
1 2 0
2 1 1 8 0
5 6 0 7 0 4 0 1 0 2 0
3 2 1 10 0 3 0
2 2 1 8 0
2 10 0 1 1
4 5 0 3 0 4 1 9 0
1 10 0
1 10 0
1 7 1
3 6 0 2 0 4 0
3 3 0 9 0 2 1
4 1 1 5 0 8 0 9 0
3 10 0 6 1 8 0
6 3 0 8 0 10 0 6 1 5 0 9 0
2 10 0 2 1
1 10 0
1 7 1
3 8 0 5 0 9 0
1 9 0
4 5 0 10 0 1 1 3 0
2 2 1 8 0
1 10 0
2 2 0 1 1
1 8 0
3 9 0 6 1 3 0
3 10 0 7 1 8 0
4 4 1 5 0 9 0 10 0
4 3 0 2 1 5 0 10 0
5 4 1 3 0 8 0 10 0 9 0
2 7 0 2 1
4
5
1 1 0
1 3 1
1 2 1
1 3 1
3 1 0 4 0 3 1
4
93
2 3 0 2 1
1 1 0
3 2 1 3 0 1 0
2 3 0 2 1
3 4 0 2 1 1 0
3 4 0 1 0 2 1
2 1 0 3 0
1 4 0
1 2 1
1 4 0
3 1 0 2 1 4 0
3 4 0 1 0 2 1
3 4 0 3 0 2 1
2 1 0 3 0
1 3 0
1 2 1
2 2 1 4 0
1 1 0
3 4 0 3 0 1 0
2 3 0 1 0
1 2 1
1 4 0
4 3 0 4 0 1 0 2 1
4 4 0 2 1 3 0 1 0
1 2 1
1 4 0
1 4 0
3 1 0 2 1 3 0
1 1 0
1 2 1
3 2 1 3 0 4 0
1 2 1
1 2 1
1 1 0
1 2 1
1 1 0
2 1 0 4 0
3 1 0 4 0 3 0
1 2 1
3 1 0 4 0 2 1
1 2 1
1 1 0
1 4 0
4 4 0 3 0 1 0 2 1
1 4 0
2 2 1 4 0
2 2 1 4 0
2 1 0 3 0
1 2 1
2 4 0 2 1
2 3 0 2 1
1 2 1
1 3 0
1 1 0
1 1 0
3 4 0 2 1 1 0
1 3 0
2 3 0 1 0
2 1 0 3 0
1 3 0
2 4 0 1 0
3 2 1 1 0 3 0
3 2 1 3 0 1 0
2 1 0 2 1
4 1 0 2 1 3 0 4 0
3 3 0 2 1 1 0
2 2 1 3 0
1 4 0
4 1 0 3 0 2 1 4 0
2 4 0 1 0
1 2 1
2 4 0 1 0
2 2 1 3 0
1 2 1
2 1 0 3 0
3 2 1 1 0 3 0
3 3 0 1 0 4 0
4 2 1 4 0 1 0 3 0
1 2 1
2 4 0 2 1
4 3 0 1 0 4 0 2 1
1 2 1
4 3 0 2 1 1 0 4 0
1 4 0
1 2 1
4 3 0 1 0 2 1 4 0
1 2 1
3 4 0 1 0 2 1
1 2 1
2 2 1 1 0
3 2 1 4 0 3 0
2 3 0 1 0
2 4 0 3 0
7
6
3 5 0 6 0 4 1
2 4 1 7 0
4 2 0 5 0 3 0 7 0
1 4 1
1 2 0
1 2 0
2
2
2 2 1 1 0
2 2 1 1 0
6
86
1 6 1
4 6 1 2 0 5 0 4 0
2 4 0 5 0
2 4 0 3 1
2 1 1 5 0
3 2 0 5 0 1 1
1 6 1
3 5 0 2 0 6 1
3 2 0 1 1 4 0
3 3 1 4 0 5 0
3 6 1 2 0 4 0
2 1 1 2 0
4 6 1 5 0 4 0 2 0
1 6 1
1 1 1
1 6 1
1 1 1
2 1 1 2 0
1 2 0
2 5 0 1 1
2 3 1 5 0
1 1 1
1 2 0
1 2 0
4 2 0 4 0 1 1 5 0
2 3 1 4 0
3 1 1 2 0 5 0
1 2 0
3 4 0 2 0 1 1
1 5 0
2 1 1 5 0
1 3 1
2 6 1 4 0
2 4 0 2 0
1 6 1
2 6 1 4 0
2 3 1 2 0
1 2 0
1 5 0
2 4 0 6 1
4 3 1 5 0 4 0 2 0
3 5 0 3 1 2 0
1 2 0
3 3 1 6 0 1 0
1 3 1
1 5 0
2 3 1 4 0
3 4 0 3 1 5 0
1 5 0
2 4 0 6 1
1 5 0
1 4 0
1 1 1
1 1 1
3 5 0 2 0 6 1
1 5 0
3 2 0 3 1 5 0
2 5 0 1 1
2 6 1 2 0
2 2 0 6 1
1 1 1
2 4 0 3 1
2 6 0 1 1
1 6 1
1 4 0
2 3 1 2 0
1 5 0
4 2 0 4 0 5 0 3 1
4 2 0 4 0 3 1 5 0
1 1 1
1 3 1
3 2 0 3 1 4 0
4 2 0 6 1 5 0 4 0
1 5 0
4 5 0 2 0 4 0 1 1
2 2 0 5 0
4 2 0 5 0 6 1 4 0
2 5 0 6 1
1 3 1
3 4 0 2 0 6 1
2 4 0 3 1
4 6 1 2 0 5 0 4 0
4 4 0 5 0 3 1 2 0
1 1 1
4 5 0 4 0 1 1 2 0
2 5 0 1 1
3
29
1 1 0
2 3 0 2 1
2 2 1 3 0
1 3 0
1 3 0
1 2 1
1 3 0
1 3 0
1 2 1
3 2 1 1 0 3 0
1 3 0
3 2 1 3 0 1 0
1 2 1
1 1 0
2 2 1 3 0
1 2 1
1 3 0
1 2 1
1 1 0
2 3 0 2 1
1 2 1
2 2 1 1 0
2 1 0 3 0
2 1 0 3 0
1 1 0
1 2 1
1 2 1
1 3 0
1 3 0
7
44
1 1 0
4 6 0 1 0 5 0 2 0
1 6 0
6 6 0 2 0 3 1 5 0 4 0 1 0
5 2 0 7 0 3 1 1 0 6 0
1 2 0
1 3 1
4 5 0 3 1 6 0 7 0
2 7 0 2 0
5 6 0 1 0 4 0 3 1 7 0
4 2 0 3 1 7 0 4 0
1 5 0
1 3 1
1 2 0
2 3 1 2 0
2 6 0 7 0
5 1 0 5 0 2 0 4 0 3 1
1 2 0
7 7 0 2 0 6 0 4 0 3 1 1 0 5 0
7 3 1 2 0 1 0 5 0 7 0 6 0 4 0
7 6 0 1 0 4 0 2 0 7 0 3 1 5 0
1 3 1
7 1 0 4 0 3 1 5 0 2 0 7 0 6 0
1 4 0
6 5 0 4 0 6 0 7 0 3 1 2 0
6 5 0 6 0 7 0 1 0 4 0 3 1
1 3 1
1 2 0
5 3 1 1 0 5 0 4 0 2 0
4 6 0 4 0 3 1 7 0
3 2 0 1 0 7 0
2 7 0 2 0
3 1 0 3 1 2 0
4 6 0 2 0 4 0 5 0
3 6 0 2 0 7 0
6 5 0 2 0 1 0 6 0 3 1 7 0
5 5 0 1 0 4 0 6 0 2 0
2 2 0 1 0
1 2 0
1 4 0
1 2 0
1 6 0
1 6 0
2 4 0 6 0
6
55
4 1 0 4 1 3 0 2 0
3 5 0 6 1 3 0
2 1 0 4 1
1 1 0
5 1 0 3 0 5 0 2 0 6 1
5 1 0 5 0 3 0 6 1 2 0
5 1 0 5 0 4 1 3 0 2 0
1 3 0
2 1 0 4 1
2 2 0 1 0
3 3 0 1 0 5 0
1 3 0
4 5 0 4 1 2 0 1 0
5 5 0 4 1 1 0 3 0 2 0
2 4 1 3 0
1 3 0
1 2 0
1 5 0
1 4 1
1 6 1
1 4 1
2 5 0 3 0
3 5 0 6 1 2 0
1 6 1
3 1 0 2 0 5 0
2 5 0 4 1
5 5 0 3 0 4 1 1 0 2 0
3 3 0 4 1 5 0
1 3 0
1 4 1
2 3 0 6 1
2 1 0 6 1
2 5 0 1 0
2 1 0 2 0
2 2 0 3 0
2 2 0 1 0
3 3 0 1 0 5 0
1 1 0
3 4 1 2 0 1 0
2 3 0 1 0
2 1 0 5 0
4 5 0 4 1 1 0 2 0
5 4 1 5 0 3 0 1 0 2 0
1 5 0
5 1 0 3 0 5 0 2 0 6 1
2 6 1 5 0
1 6 1
3 3 0 5 0 4 1
1 3 0
4 3 0 1 0 6 1 2 0
3 4 1 2 0 5 0
3 4 1 1 0 2 0
5 1 0 3 0 5 0 4 1 2 0
5 2 0 1 0 5 0 3 0 4 1
5 3 0 1 0 5 0 2 0 4 1
10
43
1 10 0
1 10 0
1 3 0
1 10 0
1 10 0
1 10 0
10 9 0 4 0 2 0 10 1 8 0 7 0 5 0 1 0 3 0 6 0
4 2 0 4 0 5 0 7 0
1 10 0
1 10 0
1 7 0
1 10 0
3 4 0 1 0 7 0
9 3 0 10 1 5 0 1 0 7 0 9 0 8 0 2 0 4 0
1 10 0
1 10 0
1 10 0
1 10 0
5 6 0 5 0 4 0 1 0 9 0
2 1 0 3 0
1 10 1
10 9 0 4 0 1 0 6 0 10 1 5 0 7 0 2 0 3 0 8 0
1 10 1
1 10 0
1 10 0
6 10 1 6 0 8 0 5 0 1 0 9 0
1 10 0
5 8 0 5 0 7 0 1 0 3 0
1 10 0
1 10 0
1 10 0
1 10 0
1 10 0
3 7 0 1 0 6 0
1 10 0
1 10 0
1 10 0
1 8 0
1 6 0
1 10 0
8 1 0 8 0 6 0 9 0 10 1 7 0 2 0 4 0
1 10 0
1 10 0
10
100
1 1 1
1 1 1
1 7 0
1 1 1
1 3 0
1 10 1
1 9 0
1 2 0
1 8 0
1 4 0
1 4 0
1 9 0
1 8 0
1 3 0
1 7 0
1 4 0
1 9 0
1 9 0
1 10 1
1 8 0
1 9 0
1 2 0
1 4 0
1 10 1
1 7 0
1 2 0
1 7 0
1 10 1
1 7 0
1 3 0
1 1 1
1 9 0
1 2 0
1 10 1
1 7 0
1 6 0
1 7 0
1 5 1
1 3 0
1 8 0
1 2 0
1 7 0
1 5 1
1 1 1
1 5 1
1 7 0
1 9 0
1 7 0
1 7 0
1 8 0
1 9 0
1 6 0
1 9 0
1 3 0
1 1 1
1 3 0
1 8 0
1 9 0
1 6 0
1 2 0
1 4 0
1 7 0
1 9 0
1 1 1
1 10 1
1 9 0
1 3 0
1 10 1
1 4 0
1 1 1
1 4 0
1 5 1
1 9 0
1 9 0
1 7 0
1 2 0
1 3 0
1 7 0
1 8 0
1 3 0
1 1 1
1 4 0
1 3 0
1 8 0
1 1 1
1 10 1
1 1 1
1 5 1
1 7 0
1 2 0
1 5 1
1 2 0
1 2 0
1 2 0
1 2 0
1 4 0
1 1 1
1 10 1
1 2 0
1 8 0
5
41
1 3 0
5 3 0 2 0 4 0 5 0 1 1
4 3 0 4 0 5 0 2 0
1 2 0
2 4 0 2 0
2 2 0 1 1
1 1 1
3 1 1 4 0 2 0
2 5 0 1 1
2 5 0 2 0
3 3 0 4 0 1 1
2 4 0 2 0
2 5 0 1 1
1 5 0
3 3 0 4 0 1 1
1 1 1
2 1 1 5 0
3 1 1 3 0 5 0
4 1 1 2 0 5 0 3 0
2 2 0 3 0
5 2 0 4 0 1 1 5 0 3 0
1 3 0
4 5 0 2 0 4 0 3 0
1 4 0
1 4 0
2 1 1 2 0
1 3 0
1 4 0
1 3 0
1 3 0
2 1 1 4 0
2 1 1 3 0
1 5 0
4 5 0 1 1 4 0 2 0
2 4 0 3 0
1 2 0
2 2 0 1 1
3 3 0 4 0 2 0
5 5 0 2 0 1 1 3 0 4 0
5 2 0 1 1 4 0 3 0 5 0
1 4 0
2
2
1 2 0
1 2 0
2
2
2 1 1 2 0
1 2 1
7
34
3 4 0 5 0 3 0
2 3 0 4 0
2 7 0 3 0
4 6 0 3 0 2 0 1 1
2 3 0 1 1
1 5 0
5 2 0 1 1 6 0 3 0 5 0
3 6 0 1 1 4 0
3 2 0 1 1 7 0
5 4 0 2 0 6 0 5 0 7 0
1 5 0
1 6 0
3 5 0 2 0 1 1
1 5 0
2 5 0 3 0
1 1 1
2 3 0 4 0
1 5 0
3 2 0 4 0 1 1
2 4 0 6 0
6 2 0 1 1 4 0 5 0 3 0 6 0
1 3 0
2 7 0 5 0
6 3 0 2 0 4 0 1 1 7 0 6 0
4 4 0 2 0 1 1 5 0
7 2 0 4 0 7 0 6 0 3 0 5 0 1 1
1 6 0
1 5 0
1 6 0
4 1 1 4 0 5 0 2 0
6 4 0 2 0 1 1 7 0 3 0 5 0
5 3 0 7 0 6 0 2 0 5 0
1 6 0
1 7 0
9
23
4 5 0 1 0 4 0 2 0
3 7 0 1 0 9 0
2 1 0 7 0
2 8 0 9 0
4 2 0 9 0 4 0 3 0
1 6 1
4 7 0 3 0 4 0 5 0
4 5 0 7 0 3 0 4 0
4 9 0 6 1 8 0 5 0
2 1 0 6 1
1 2 0
6 6 1 2 0 7 0 4 0 5 0 8 0
5 8 0 9 0 4 0 6 1 1 0
2 6 1 2 0
1 4 0
5 8 0 7 0 9 0 3 0 5 0
6 5 0 9 0 4 0 7 0 6 1 1 0
1 6 1
8 1 0 5 0 2 0 8 0 9 0 7 0 3 0 6 1
1 3 0
1 3 0
4 6 1 1 0 2 0 3 0
3 4 0 9 0 7 0
2
2
2 2 0 1 0
1 1 1
2
2
1 2 0
1 2 1
5
6
5 4 0 2 1 5 0 1 0 3 0
5 1 1 4 0 3 0 2 0 5 0
5 1 0 4 0 2 1 5 0 3 0
5 2 0 3 0 5 1 4 0 1 0
5 4 1 3 0 1 0 2 0 5 0
5 3 0 5 0 2 0 1 1 4 0
10
35
4 4 0 1 0 7 0 10 0
1 2 0
3 3 0 4 0 5 0
1 2 0
1 2 0
1 5 0
5 7 0 5 0 9 0 1 0 8 0
9 3 0 1 0 7 0 6 0 2 1 4 0 9 0 10 0 8 0
6 6 0 8 0 2 1 4 0 3 0 7 0
1 2 0
4 4 0 2 1 5 0 3 0
1 1 0
6 2 1 3 0 9 0 5 0 10 0 8 0
1 2 0
1 2 0
9 2 1 8 0 10 0 3 0 7 0 9 0 5 0 6 0 4 0
3 8 0 10 0 2 1
1 2 0
1 2 0
1 2 0
1 2 0
1 2 0
1 2 0
5 10 0 4 0 7 0 8 0 5 0
7 4 0 9 0 6 0 3 0 5 0 7 0 1 0
1 3 0
2 6 0 10 0
1 2 1
1 2 0
1 2 0
3 4 0 10 0 6 0
1 2 0
1 2 0
1 2 0
1 2 0
2
2
1 2 1
1 1 0
4
24
1 1 0
3 1 0 2 0 4 0
1 3 1
1 3 1
1 1 0
1 3 1
1 3 0
1 3 0
1 2 0
1 3 0
1 3 0
1 3 1
3 3 1 2 0 1 0
3 2 0 3 1 4 0
3 3 1 4 0 2 0
1 3 0
1 4 0
1 2 0
4 4 0 1 0 3 1 2 0
1 3 1
1 3 0
2 4 0 3 1
3 3 1 4 0 2 0
1 1 0
10
18
1 2 0
4 6 0 5 0 9 0 4 0
1 9 0
2 6 0 2 0
9 4 0 8 0 10 0 3 0 7 1 5 0 2 0 6 0 9 0
1 1 0
1 6 0
8 6 0 10 0 5 0 7 1 8 0 9 0 4 0 2 0
9 2 0 4 0 5 0 9 0 3 0 7 1 10 0 6 0 8 0
3 5 0 6 0 10 0
1 7 1
9 1 0 7 1 2 0 5 0 6 0 4 0 10 0 3 0 9 0
4 7 1 4 0 5 0 3 0
1 7 1
8 1 0 7 1 5 0 8 0 6 0 3 0 10 0 9 0
8 6 0 8 0 1 0 9 0 4 0 10 0 7 1 2 0
8 3 0 8 0 9 0 5 0 10 0 4 0 7 1 6 0
6 6 0 10 0 7 1 9 0 1 0 4 0
9
18
1 8 1
1 8 0
1 1 1
5 7 0 9 0 6 0 5 0 2 1
2 8 0 2 0
2 1 0 8 0
2 2 1 1 0
1 4 1
5 8 1 7 0 9 0 5 0 6 0
4 1 0 8 0 4 0 2 0
2 3 0 8 0
1 5 0
3 7 0 5 0 3 1
1 8 1
1 3 1
2 9 0 5 0
1 1 0
1 5 0
3
76
1 2 0
1 3 0
2 3 0 1 1
1 2 0
1 2 0
1 1 1
1 3 0
3 2 0 3 0 1 1
1 1 1
2 1 1 2 0
1 3 0
1 2 0
1 2 0
2 2 0 3 0
3 1 1 2 0 3 0
1 2 0
1 2 0
1 1 1
2 2 0 1 1
1 3 0
1 1 1
1 1 1
3 3 0 1 1 2 0
1 2 0
1 2 0
2 3 0 1 1
1 2 0
1 1 1
3 3 0 2 0 1 1
1 3 0
1 3 0
2 3 0 1 1
1 3 0
1 1 1
3 1 1 3 0 2 0
1 2 0
1 3 0
1 3 0
3 3 0 2 0 1 1
1 2 0
1 2 0
1 2 0
3 2 0 3 0 1 1
1 3 0
3 1 1 2 0 3 0
1 1 1
2 3 0 2 0
2 1 1 2 0
1 1 1
1 2 0
1 2 0
1 3 0
2 2 0 3 0
1 1 1
1 1 1
2 1 1 2 0
3 3 0 1 1 2 0
2 2 0 3 0
1 2 0
2 2 0 1 1
1 1 1
1 1 1
1 1 1
1 1 1
1 2 0
1 2 0
1 2 0
1 3 0
2 2 0 3 0
3 3 0 1 1 2 0
2 2 0 1 1
3 2 0 3 0 1 1
3 2 0 3 0 1 1
2 2 0 3 0
1 2 0
1 1 1
10
59
6 9 0 6 0 7 0 10 0 3 0 2 1
1 5 0
4 8 0 2 0 4 0 5 0
2 5 0 1 0
3 2 0 5 0 8 0
1 2 0
1 8 0
4 2 0 8 0 1 0 4 0
1 2 0
2 8 0 4 1
1 4 1
1 1 1
3 6 0 8 1 9 0
2 1 0 5 0
3 2 0 1 0 4 0
4 7 0 1 1 6 0 9 0
1 4 1
3 10 0 8 1 6 0
3 4 0 2 0 5 0
4 8 0 1 0 4 0 5 0
1 3 0
1 5 0
1 5 0
1 4 0
1 4 1
1 4 1
3 1 0 2 0 4 0
3 4 1 6 0 9 0
6 10 0 3 0 9 0 7 0 1 1 6 0
4 3 0 6 0 9 0 5 1
2 5 0 2 1
1 8 0
5 2 0 8 0 5 0 4 0 1 0
2 1 0 8 1
2 4 0 1 0
1 8 0
1 2 0
2 6 0 5 1
1 8 0
2 8 0 4 0
1 1 0
1 2 1
2 8 0 1 0
1 8 0
1 2 0
1 2 0
2 3 0 9 0
2 2 0 4 0
3 10 0 4 1 6 0
2 1 0 5 0
1 5 1
2 4 0 2 0
4 2 0 8 0 5 0 4 0
2 3 0 2 1
3 8 0 1 0 4 0
4 1 0 2 0 4 0 5 0
5 3 0 10 0 7 0 2 1 9 0
3 4 0 5 0 1 0
5 1 1 3 0 9 0 6 0 7 0
7
16
2 6 0 7 1
2 4 0 5 1
3 1 0 6 0 7 1
4 4 0 7 1 6 0 3 0
1 3 0
2 6 0 5 1
2 3 0 1 0
2 2 1 5 0
5 5 1 3 0 6 0 1 0 4 0
1 7 1
2 4 0 1 0
2 7 1 3 0
1 4 0
1 6 0
1 5 1
1 1 0
2
2
1 2 0
1 2 0
7
46
3 3 1 2 0 1 0
3 6 1 4 0 1 0
5 2 0 1 0 7 1 4 0 5 0
2 6 1 1 0
1 1 0
1 7 1
4 2 0 5 0 3 1 4 0
5 5 0 1 0 6 1 2 0 4 0
1 6 1
1 2 0
5 7 1 4 0 1 0 5 0 2 0
4 3 1 2 0 4 0 5 0
1 7 1
1 3 1
1 3 1
2 5 0 3 1
2 5 0 1 0
3 7 1 4 0 1 0
2 6 1 4 0
5 5 0 1 0 6 1 2 0 4 0
2 3 1 2 0
1 1 0
1 4 0
4 5 0 3 1 1 0 2 0
2 7 1 1 0
3 1 0 3 1 5 0
1 2 0
1 7 1
4 1 0 3 1 5 0 4 0
4 5 0 3 1 4 0 1 0
4 2 0 5 0 6 1 1 0
4 2 0 6 1 4 0 5 0
1 6 1
1 6 1
3 5 0 3 1 2 0
1 6 1
2 2 0 5 0
1 3 1
2 1 0 4 0
4 1 0 2 0 4 0 3 1
2 3 1 5 0
2 1 0 4 0
2 4 0 2 0
4 2 0 1 0 3 1 5 0
2 7 1 5 0
3 7 1 5 0 2 0
6
43
2 1 0 3 0
4 5 0 1 0 3 0 4 0
3 2 1 3 0 1 0
2 3 0 1 0
2 2 1 4 0
4 4 0 6 0 1 0 3 0
2 6 0 5 0
2 6 0 1 0
1 2 1
3 5 0 3 0 2 1
1 5 0
2 5 0 3 0
3 4 0 2 1 6 0
1 2 1
5 1 0 5 0 2 1 4 0 3 0
3 5 0 3 0 2 1
1 1 0
3 2 1 3 0 5 0
2 3 0 1 0
1 1 0
3 2 1 1 0 6 0
2 4 0 5 0
4 3 0 2 1 5 0 1 0
3 1 0 4 0 2 1
4 2 1 5 0 1 0 4 0
2 3 0 6 0
3 6 0 1 0 2 1
2 5 0 4 0
2 4 0 5 0
1 5 0
1 5 0
2 4 0 6 0
4 5 0 3 0 1 0 6 0
6 4 0 5 0 3 0 1 0 6 0 2 1
5 5 0 3 0 4 0 2 1 6 0
1 2 1
3 5 0 6 0 1 0
4 5 0 1 0 6 0 4 0
1 2 1
5 2 1 3 0 1 0 6 0 4 0
2 4 0 6 0
2 1 0 3 0
1 4 0
2
2
1 2 1
1 1 1
2
2
2 2 1 1 0
1 1 1
5
70
1 4 0
1 4 0
1 3 0
1 3 0
1 1 0
2 4 0 3 0
2 3 0 4 0
3 1 0 2 0 4 1
1 3 0
1 4 1
2 1 0 4 1
1 4 1
1 3 1
1 5 0
2 4 0 3 0
1 4 0
1 3 1
3 5 0 2 0 4 1
4 4 1 5 0 1 0 2 0
2 3 0 4 0
1 3 0
2 3 0 4 0
1 3 0
1 3 0
1 4 1
1 4 1
1 3 0
1 4 0
1 4 0
1 3 0
1 3 0
1 4 0
1 4 0
3 2 0 5 0 3 1
1 3 0
1 3 0
3 2 0 1 0 4 1
2 3 1 5 0
1 4 1
2 1 0 4 1
1 4 0
1 1 0
1 3 0
1 3 1
2 3 0 4 0
3 1 0 2 0 3 1
1 3 0
3 4 1 2 0 5 0
1 3 0
1 3 1
1 4 1
2 4 0 3 0
1 3 0
1 3 0
3 2 0 5 0 1 0
1 3 0
1 5 0
4 5 0 1 0 2 0 4 1
1 4 0
4 5 0 4 1 2 0 1 0
1 4 0
1 4 0
2 2 0 1 0
2 4 0 3 0
3 3 1 5 0 2 0
1 3 0
1 3 0
3 5 0 1 0 3 1
1 3 0
2 4 0 3 0
5
15
1 4 0
1 2 0
2 2 0 5 0
4 4 0 3 1 2 0 5 0
1 4 0
1 1 1
1 3 1
2 4 0 1 1
1 5 0
2 5 0 3 1
1 2 0
1 3 1
2 3 1 5 0
2 4 0 1 1
2 2 0 1 1
10
10
3 3 1 9 0 5 0
4 3 0 9 0 8 1 5 0
7 9 0 4 0 3 0 8 0 5 0 1 0 6 1
9 1 0 5 0 4 0 10 0 3 0 9 0 7 1 8 0 6 0
2 9 0 5 1
5 8 0 3 0 9 0 4 1 5 0
8 9 0 10 1 6 0 3 0 5 0 1 0 8 0 4 0
1 9 1
6 1 1 3 0 9 0 4 0 5 0 8 0
10 4 0 9 0 6 0 7 0 8 0 10 0 2 1 5 0 1 0 3 0
3
44
2 2 0 1 1
2 3 0 1 1
1 1 1
1 1 1
2 1 1 2 0
1 2 0
3 3 0 2 0 1 1
1 1 1
2 1 1 2 0
3 2 0 3 0 1 1
2 2 0 3 0
1 3 0
1 2 0
3 2 0 1 1 3 0
1 1 1
1 2 0
3 2 0 3 0 1 1
1 2 0
3 2 0 3 0 1 1
2 1 1 2 0
2 2 0 1 1
1 2 0
1 3 0
3 1 1 3 0 2 0
1 3 0
1 1 1
1 3 0
3 3 0 1 1 2 0
1 2 0
1 1 1
1 3 0
1 3 0
3 2 0 1 1 3 0
1 3 0
1 3 0
3 3 0 2 0 1 1
3 3 0 2 0 1 1
1 1 1
1 3 0
1 1 1
3 3 0 2 0 1 1
3 1 1 3 0 2 0
3 2 0 1 1 3 0
2 3 0 1 1
7
13
1 2 1
2 4 0 6 0
3 1 0 3 0 6 0
3 5 0 7 0 4 0
2 2 1 3 0
5 4 0 2 1 1 0 6 0 3 0
1 3 0
3 2 1 3 0 5 0
7 7 0 1 0 5 0 3 0 4 0 6 0 2 1
2 2 1 7 0
3 3 0 7 0 4 0
1 3 0
2 2 1 3 0
9
47
1 3 1
2 8 0 7 1
1 1 1
2 1 1 8 0
3 8 0 3 1 2 0
3 8 0 7 1 2 0
1 7 1
1 6 1
2 6 1 9 0
2 3 1 8 0
1 8 0
1 3 1
3 2 0 8 0 3 1
3 2 0 9 0 6 1
2 5 1 8 0
4 8 0 4 1 2 0 9 0
1 8 0
1 3 1
1 6 1
3 7 1 8 0 9 0
1 2 0
2 2 0 4 1
3 8 0 1 1 9 0
1 6 1
3 8 0 2 0 5 1
1 4 1
1 3 1
1 1 1
1 6 1
1 4 1
3 2 0 1 1 8 0
3 3 1 9 0 8 0
1 6 1
1 5 1
4 2 0 7 1 8 0 9 0
1 5 1
1 3 1
1 4 1
2 6 1 8 0
3 8 0 4 1 9 0
1 2 0
1 9 0
3 8 0 2 0 5 1
1 4 1
3 8 0 6 1 2 0
1 7 1
1 1 1
9
72
7 7 0 3 0 2 0 9 0 5 0 6 0 8 1
1 5 0
1 3 0
3 1 0 8 1 5 0
1 1 0
8 3 0 4 1 9 0 7 0 1 0 2 0 5 0 6 0
1 8 1
4 4 1 2 0 1 0 5 0
1 4 1
2 9 0 6 0
1 3 0
2 2 0 6 0
4 3 0 1 0 6 0 8 1
4 1 0 5 0 4 1 7 0
4 9 0 8 1 7 0 2 0
1 7 0
1 1 0
4 2 0 3 0 5 0 7 0
5 5 0 2 0 7 0 8 1 9 0
2 1 0 2 0
1 4 1
2 6 0 3 0
2 1 0 9 0
3 3 0 5 0 2 0
8 9 0 7 0 5 0 2 0 8 1 3 0 1 0 6 0
8 5 0 2 0 8 1 1 0 3 0 6 0 9 0 7 0
2 8 1 6 0
1 2 0
4 6 0 9 0 8 1 3 0
4 2 0 8 1 6 0 1 0
2 8 1 2 0
1 5 0
6 6 0 7 0 9 0 5 0 3 0 1 0
1 4 1
3 3 0 9 0 5 0
5 3 0 4 1 2 0 5 0 9 0
4 7 0 2 0 3 0 9 0
5 9 0 1 0 6 0 8 1 3 0
1 4 1
1 2 0
6 9 0 7 0 8 1 1 0 5 0 3 0
3 6 0 8 1 3 0
3 4 1 2 0 7 0
5 2 0 4 1 1 0 6 0 7 0
2 8 1 7 0
4 1 0 9 0 7 0 5 0
7 3 0 8 1 7 0 1 0 2 0 5 0 9 0
5 2 0 6 0 8 1 5 0 3 0
2 4 1 1 0
2 8 1 5 0
4 3 0 2 0 1 0 8 1
1 3 0
1 8 1
1 5 0
1 3 0
1 9 0
1 6 0
5 7 0 2 0 6 0 3 0 1 0
2 1 0 9 0
2 2 0 3 0
2 4 1 5 0
4 1 0 9 0 3 0 6 0
1 5 0
5 6 0 9 0 5 0 8 1 2 0
2 4 1 6 0
8 4 1 3 0 5 0 2 0 7 0 6 0 1 0 9 0
1 2 0
3 4 1 1 0 6 0
3 8 1 1 0 3 0
3 2 0 8 1 7 0
5 8 1 3 0 1 0 6 0 2 0
3 3 0 2 0 4 1
2
2
2 1 1 2 0
2 2 0 1 1
2
2
1 1 1
1 2 0
2
2
1 2 0
2 1 0 2 1
4
60
1 2 0
1 2 0
3 4 0 2 1 3 0
1 2 0
1 2 0
1 1 1
2 1 0 2 0
1 2 0
2 3 0 1 1
1 3 0
2 1 0 2 1
1 1 0
1 1 0
3 1 1 4 0 3 0
1 1 0
1 2 0
1 4 0
2 1 0 2 0
2 1 0 2 0
2 1 0 2 0
2 4 0 1 1
1 3 0
1 4 0
1 1 0
1 1 0
1 2 0
1 1 0
3 3 0 4 0 1 1
2 2 0 1 0
2 1 1 4 0
2 1 0 2 0
1 1 0
1 1 0
1 2 0
1 2 0
1 2 1
1 1 1
1 2 1
2 3 0 4 0
2 1 0 2 0
1 2 0
1 2 0
1 1 0
1 4 0
1 2 0
1 2 0
1 2 0
2 1 0 2 0
1 1 0
1 1 0
1 4 0
1 4 0
1 2 0
2 2 0 1 0
1 1 1
2 2 0 1 0
1 1 0
2 4 0 1 1
1 2 0
1 1 1
2
2
1 1 0
2 2 0 1 0
8
21
1 8 1
1 7 1
2 6 0 8 1
2 5 1 2 0
3 1 1 2 0 6 0
1 1 1
3 6 0 2 0 1 1
1 7 1
1 4 1
2 6 0 7 1
2 6 0 7 1
2 2 0 5 1
2 2 0 5 1
3 6 0 2 0 5 1
2 2 0 3 1
4 5 1 4 0 8 0 3 0
1 3 1
1 7 1
3 2 0 4 1 6 0
2 4 0 1 1
1 8 1
7
30
2 7 1 4 0
4 2 0 4 1 3 0 1 0
1 4 1
2 4 0 5 1
5 4 1 6 0 3 0 1 0 2 0
4 3 0 7 1 2 0 1 0
1 4 1
2 5 1 1 0
4 7 1 1 0 3 0 2 0
1 4 1
1 6 0
1 1 0
2 6 0 7 1
2 7 1 2 0
1 5 1
1 4 1
2 7 1 3 0
3 5 1 3 0 6 0
1 7 1
1 2 0
2 2 0 4 1
3 4 1 3 0 1 0
1 1 0
1 4 1
1 1 0
1 7 1
5 3 0 6 0 7 1 2 0 1 0
1 4 1
1 2 0
4 3 0 6 0 5 1 2 0
7
62
3 3 0 2 0 7 0
1 1 1
1 7 0
6 5 0 4 0 2 0 6 0 3 0 7 0
1 5 0
1 1 1
2 5 0 3 0
3 4 0 7 0 6 0
2 1 1 4 0
2 4 0 5 0
3 7 0 1 1 4 0
2 6 0 5 0
4 5 0 3 0 4 0 2 0
2 2 0 4 0
5 6 0 5 0 4 0 7 0 2 0
7 4 0 6 0 1 1 3 0 7 0 2 0 5 0
1 5 0
1 4 0
3 2 0 3 0 7 0
1 7 0
5 3 0 1 1 2 0 4 0 6 0
5 3 0 5 0 7 0 6 0 4 0
5 6 0 3 0 4 0 7 0 1 1
1 3 0
6 3 0 4 0 7 0 2 0 1 1 5 0
5 1 1 3 0 4 0 6 0 5 0
1 6 0
7 4 0 2 0 7 0 3 0 6 0 1 1 5 0
1 6 0
3 3 0 5 0 4 0
4 7 0 6 0 2 0 3 0
2 1 1 2 0
1 5 0
2 5 0 4 0
4 4 0 1 1 7 0 3 0
5 7 0 4 0 2 0 3 0 6 0
3 7 0 6 0 1 1
1 2 0
3 6 0 7 0 1 1
4 2 0 5 0 1 1 3 0
2 7 0 5 0
3 4 0 6 0 3 0
5 7 0 1 1 5 0 2 0 6 0
1 3 0
6 6 0 3 0 1 1 5 0 4 0 2 0
2 6 0 7 0
7 3 0 4 0 2 0 1 1 6 0 7 0 5 0
3 2 0 7 0 1 1
1 4 0
3 2 0 3 0 1 1
3 2 0 6 0 3 0
1 2 0
5 2 0 3 0 7 0 4 0 5 0
1 2 0
1 5 0
1 7 0
1 3 0
1 6 0
3 3 0 7 0 4 0
1 5 0
2 6 0 4 0
1 7 0
4
58
4 2 0 4 1 1 0 3 0
3 4 1 2 0 3 0
2 1 0 3 0
1 4 1
1 2 0
2 1 0 3 0
1 3 0
1 4 1
1 4 1
1 4 1
4 4 1 3 0 2 0 1 0
1 4 1
2 4 1 1 0
2 1 0 2 0
2 1 0 3 0
3 1 0 2 0 4 1
1 2 0
2 4 1 2 0
3 1 0 3 0 2 0
1 4 1
3 3 0 1 0 4 1
3 1 0 3 0 2 0
2 4 1 1 0
4 1 0 3 0 4 1 2 0
1 4 1
2 1 0 2 0
1 3 0
3 4 1 1 0 2 0
2 4 1 3 0
1 2 0
1 2 0
2 1 0 3 0
2 2 0 1 0
2 2 0 3 0
1 4 1
1 2 0
1 3 0
3 2 0 1 0 4 1
1 3 0
3 3 0 2 0 1 0
1 3 0
2 4 1 3 0
1 3 0
2 2 0 3 0
1 4 1
2 4 1 1 0
1 3 0
3 1 0 3 0 2 0
1 2 0
2 2 0 4 1
1 4 1
1 4 1
1 4 1
4 3 0 4 1 2 0 1 0
1 4 1
1 1 0
1 1 0
1 3 0
4
92
3 2 1 4 0 1 0
1 3 0
1 4 0
2 3 0 4 0
1 4 0
1 4 0
3 2 1 3 0 1 0
4 1 0 2 1 4 0 3 0
2 2 1 1 0
1 3 0
3 4 0 2 1 3 0
2 2 1 4 0
3 4 0 1 0 2 1
3 4 0 1 0 2 1
4 3 0 2 1 4 0 1 0
2 1 0 3 0
2 2 1 3 0
1 4 0
2 1 0 2 1
1 2 1
4 1 0 4 0 3 0 2 1
1 1 0
4 4 0 3 0 2 1 1 0
2 2 1 1 0
4 3 0 1 0 4 0 2 1
1 2 1
1 1 0
4 3 0 4 0 2 1 1 0
4 4 0 3 0 2 1 1 0
4 4 0 1 0 3 0 2 1
2 3 0 2 1
4 3 0 2 1 1 0 4 0
2 4 0 2 1
1 1 0
1 3 0
1 3 0
2 4 0 3 0
1 2 1
2 4 0 1 0
3 2 1 4 0 1 0
2 3 0 4 0
2 4 0 1 0
2 1 0 2 1
1 4 0
2 3 0 1 0
4 1 0 4 0 2 1 3 0
2 3 0 2 1
1 1 0
1 4 0
1 2 1
1 4 0
1 4 0
3 4 0 2 1 3 0
1 1 0
3 1 0 4 0 2 1
2 3 0 1 0
1 1 0
1 2 1
3 3 0 4 0 2 1
1 3 0
1 1 0
3 3 0 4 0 2 1
2 2 1 1 0
4 1 0 4 0 2 1 3 0
1 1 0
3 3 0 4 0 1 0
1 3 0
2 4 0 1 0
1 4 0
3 4 0 1 0 3 0
1 2 1
1 1 0
1 4 0
1 1 0
1 1 0
1 1 0
3 2 1 1 0 4 0
3 3 0 1 0 4 0
4 4 0 3 0 2 1 1 0
1 3 0
1 1 0
1 2 1
2 3 0 2 1
2 4 0 3 0
1 1 0
2 2 1 1 0
1 2 1
2 1 0 2 1
4 3 0 1 0 2 1 4 0
1 1 0
1 3 0
2 3 0 1 0
2
2
1 2 1
1 2 1
2
2
2 2 0 1 1
1 1 1
