565: 0 56 3
325: 0 76 3
841: 0 116 3
725: 0 124 3
609: 1 5 3
131: 1 10 3
536: 1 72 3
462: 1 90 3
60: 1 100 2
424: 1 104 3
316: 2 1 3
39: 2 21 2
630: 2 43 3
377: 2 52 3
919: 2 63 3
98: 2 77 2
789: 2 95 3
788: 2 118 3
2: 2 123 1
431: 3 11 3
622: 3 39 3
682: 3 85 3
108: 3 99 3
116: 3 103 3
299: 3 130 3
428: 4 21 3
378: 4 29 3
844: 4 35 3
416: 4 47 3
586: 4 65 3
537: 4 69 3
27: 4 75 2
871: 4 109 3
331: 4 115 3
492: 4 136 3
878: 5 3 3
390: 5 10 3
739: 5 54 3
496: 5 58 3
867: 5 79 3
867: 5 88 3
867: 5 93 3
344: 5 121 3
558: 6 15 3
535: 6 29 3
644: 6 35 3
404: 6 66 3
381: 7 24 3
578: 7 51 3
10: 7 62 2
818: 7 78 3
929: 7 111 3
934: 7 118 3
119: 7 131 3
31: 8 7 2
734: 8 19 3
847: 8 33 3
217: 8 89 3
321: 8 107 3
509: 9 37 3
315: 9 41 3
654: 9 45 3
60: 9 65 2
925: 9 76 3
747: 9 80 3
559: 9 84 3
430: 9 95 3
226: 9 102 3
290: 9 127 3
848: 9 133 3
546: 10 18 3
507: 10 32 3
94: 10 88 2
359: 10 108 3
528: 10 115 3
996: 10 119 3
351: 11 5 3
638: 11 11 3
433: 11 36 3
337: 11 51 3
226: 11 75 3
859: 11 81 3
378: 11 123 3
648: 12 18 3
183: 12 30 3
126: 12 42 3
208: 12 65 3
626: 12 91 3
499: 12 102 3
803: 12 116 3
642: 12 127 3
235: 12 131 3
518: 13 1 3
813: 13 8 3
990: 13 13 3
699: 13 52 3
133: 13 58 3
68: 13 81 2
79: 13 98 2
838: 13 106 3
447: 13 110 3
696: 14 18 3
586: 14 31 3
243: 14 42 3
224: 14 70 3
392: 14 86 3
275: 14 92 3
699: 14 114 3
177: 14 121 3
230: 14 126 3
593: 14 130 3
326: 15 12 3
683: 15 22 3
761: 15 27 3
26: 15 57 2
262: 15 109 3
150: 15 135 3
908: 16 47 3
819: 16 75 3
785: 16 79 3
276: 16 87 3
618: 17 1 3
401: 17 10 3
599: 17 52 3
34: 17 66 2
676: 17 93 3
342: 17 114 3
473: 17 128 3
889: 18 20 3
888: 18 29 3
454: 18 34 3
723: 18 41 3
141: 18 72 3
958: 18 81 3
416: 18 123 3
94: 18 132 2
212: 19 4 3
826: 19 47 3
552: 19 55 3
569: 19 76 3
728: 19 112 3
143: 19 136 3
287: 20 10 3
60: 20 33 2
872: 20 64 3
886: 20 72 3
171: 20 82 3
815: 20 98 3
680: 20 103 3
633: 20 129 3
234: 21 2 3
432: 21 28 3
203: 21 39 3
275: 21 52 3
65: 21 56 2
341: 21 68 3
246: 21 107 3
272: 21 116 3
922: 21 124 3
967: 22 8 3
495: 22 20 3
161: 22 35 3
474: 22 45 3
97: 22 49 2
84: 22 60 2
400: 22 63 3
295: 22 76 3
805: 22 83 3
915: 22 128 3
419: 23 3 3
979: 23 25 3
932: 23 31 3
729: 23 52 3
215: 23 56 3
81: 23 73 2
263: 23 94 3
567: 23 98 3
812: 23 111 3
458: 24 20 3
682: 24 37 3
179: 24 62 3
348: 24 81 3
906: 24 86 3
428: 24 106 3
798: 24 125 3
668: 25 3 3
552: 25 50 3
99: 25 116 2
85: 25 129 2
4: 25 132 1
29: 26 8 2
594: 26 21 3
107: 26 30 3
171: 26 42 3
98: 26 46 2
896: 26 56 3
491: 26 66 3
412: 26 91 3
12: 26 96 2
326: 26 111 3
705: 26 121 3
4: 26 126 1
332: 27 38 3
949: 27 52 3
750: 27 61 3
974: 27 74 3
342: 27 81 3
558: 27 102 3
794: 27 135 3
459: 28 7 3
342: 28 14 3
273: 28 57 3
601: 28 70 3
735: 28 94 3
627: 28 122 3
889: 28 129 3
131: 29 18 3
689: 29 61 3
450: 29 77 3
390: 29 84 3
994: 29 99 3
793: 29 115 3
241: 29 134 3
89: 30 25 2
14: 30 37 2
912: 30 65 3
698: 30 88 3
953: 30 120 3
240: 30 124 3
87: 30 130 2
324: 31 2 3
618: 31 18 3
328: 31 30 3
538: 31 44 3
307: 31 54 3
920: 31 58 3
386: 32 6 3
780: 32 24 3
475: 32 37 3
719: 32 49 3
410: 32 85 3
384: 32 104 3
999: 32 112 3
756: 32 124 3
268: 33 20 3
701: 33 30 3
72: 33 46 2
63: 33 56 2
43: 33 59 2
193: 33 64 3
674: 33 91 3
670: 33 97 3
95: 33 121 2
893: 33 130 3
16: 34 3 2
407: 34 69 3
258: 34 102 3
264: 34 109 3
298: 34 114 3
202: 34 125 3
187: 35 29 3
88: 35 39 2
53: 35 44 2
931: 35 55 3
759: 35 74 3
385: 35 91 3
938: 36 5 3
297: 36 25 3
723: 36 34 3
930: 36 65 3
692: 36 79 3
283: 36 98 3
349: 36 123 3
981: 36 136 3
207: 37 29 3
843: 37 40 3
260: 37 72 3
677: 37 85 3
389: 37 90 3
954: 37 116 3
603: 38 6 3
713: 38 17 3
745: 38 33 3
411: 38 54 3
359: 38 58 3
922: 38 62 3
718: 38 101 3
888: 38 106 3
182: 38 126 3
206: 38 131 3
896: 39 12 3
173: 39 25 3
383: 39 29 3
145: 39 43 3
622: 39 71 3
382: 39 76 3
180: 39 87 3
141: 39 91 3
89: 40 5 2
238: 40 19 3
714: 40 37 3
575: 40 53 3
539: 40 106 3
114: 40 116 3
721: 40 120 3
471: 40 135 3
307: 41 8 3
968: 41 15 3
250: 41 32 3
836: 41 41 3
498: 41 49 3
59: 41 58 2
909: 41 64 3
601: 41 69 3
117: 41 83 3
435: 41 97 3
944: 41 111 3
56: 42 28 2
498: 42 53 3
730: 42 73 3
680: 42 103 3
95: 42 118 2
517: 42 134 3
150: 43 11 3
142: 43 21 3
473: 43 31 3
262: 43 40 3
577: 43 58 3
736: 43 68 3
70: 43 96 2
111: 43 99 3
165: 43 112 3
741: 44 7 3
97: 44 25 2
654: 44 74 3
428: 44 87 3
748: 44 127 3
823: 44 131 3
48: 45 22 2
892: 45 40 3
350: 45 48 3
760: 45 61 3
148: 45 65 3
440: 45 97 3
731: 45 111 3
563: 45 115 3
260: 46 8 3
227: 46 25 3
795: 46 54 3
27: 46 83 2
107: 46 86 3
219: 46 92 3
23: 46 102 2
226: 46 120 3
369: 46 129 3
41: 47 3 2
136: 47 41 3
546: 47 49 3
981: 47 108 3
454: 47 136 3
635: 48 10 3
782: 48 18 3
560: 48 36 3
896: 48 56 3
854: 48 70 3
694: 48 87 3
340: 48 96 3
498: 48 104 3
41: 48 128 2
959: 48 132 3
486: 49 3 3
63: 49 32 2
810: 49 52 3
641: 49 61 3
532: 49 76 3
642: 49 83 3
90: 49 101 2
76: 49 124 2
325: 50 10 3
539: 50 66 3
407: 50 70 3
9: 50 93 1
550: 50 105 3
105: 51 16 3
810: 51 25 3
538: 51 47 3
718: 51 79 3
317: 51 114 3
519: 51 119 3
303: 52 7 3
493: 52 11 3
462: 52 69 3
647: 52 74 3
875: 52 95 3
641: 52 102 3
644: 52 107 3
154: 52 128 3
588: 52 132 3
44: 53 30 2
140: 53 46 3
228: 53 56 3
43: 53 62 2
132: 53 78 3
794: 53 82 3
628: 53 88 3
669: 53 114 3
110: 53 121 3
579: 54 4 3
348: 54 18 3
32: 54 23 2
491: 54 26 3
646: 54 41 3
506: 54 51 3
708: 54 65 3
74: 54 74 2
24: 54 110 2
698: 54 125 3
532: 54 132 3
902: 55 32 3
722: 55 36 3
700: 55 97 3
878: 55 113 3
885: 56 6 3
351: 56 15 3
799: 56 57 3
814: 56 65 3
238: 56 69 3
339: 56 79 3
428: 56 86 3
825: 56 90 3
965: 56 117 3
862: 56 121 3
723: 57 1 3
243: 57 10 3
852: 57 23 3
784: 57 42 3
472: 57 46 3
814: 57 51 3
603: 57 61 3
151: 57 75 3
279: 57 102 3
617: 57 106 3
849: 57 113 3
91: 58 82 2
246: 58 91 3
218: 59 1 3
659: 59 5 3
113: 59 12 3
128: 59 24 3
691: 59 31 3
972: 59 53 3
571: 59 62 3
934: 59 69 3
455: 60 20 3
379: 60 46 3
594: 60 74 3
80: 60 84 2
654: 60 90 3
421: 60 114 3
456: 60 118 3
2: 61 12 1
535: 61 14 3
410: 61 24 3
553: 61 30 3
409: 61 41 3
173: 61 54 3
779: 61 59 3
646: 61 104 3
418: 61 108 3
596: 61 135 3
70: 62 1 2
493: 62 36 3
317: 62 76 3
865: 62 82 3
323: 62 88 3
696: 62 95 3
202: 62 100 3
952: 62 113 3
187: 62 123 3
767: 63 14 3
318: 63 23 3
1: 63 55 1
147: 63 118 3
389: 63 130 3
921: 64 2 3
301: 64 10 3
67: 64 37 2
540: 64 40 3
149: 64 51 3
827: 64 72 3
347: 64 82 3
956: 64 89 3
980: 64 102 3
204: 64 124 3
341: 65 16 3
154: 65 25 3
695: 65 44 3
20: 65 58 2
183: 65 61 3
177: 65 78 3
66: 65 107 2
699: 65 115 3
495: 65 128 3
460: 66 1 3
4: 66 41 1
347: 66 97 3
36: 66 110 2
912: 66 120 3
765: 66 133 3
142: 67 12 3
163: 67 17 3
885: 67 26 3
480: 67 31 3
805: 67 49 3
587: 67 57 3
289: 67 71 3
310: 67 75 3
389: 67 79 3
843: 67 91 3
417: 67 115 3
628: 67 128 3
803: 68 53 3
482: 68 64 3
556: 68 83 3
294: 68 105 3
33: 68 111 2
79: 68 123 2
358: 68 133 3
407: 69 23 3
873: 69 30 3
542: 69 68 3
41: 69 79 2
758: 69 88 3
176: 69 95 3
442: 70 34 3
766: 70 38 3
284: 70 48 3
842: 70 60 3
856: 70 74 3
422: 70 112 3
94: 70 116 2
799: 71 13 3
318: 71 56 3
576: 71 65 3
111: 71 78 3
788: 71 133 3
720: 72 1 3
168: 72 7 3
840: 72 24 3
989: 72 41 3
468: 72 85 3
419: 72 90 3
198: 72 104 3
282: 73 45 3
591: 73 71 3
101: 73 94 3
340: 73 98 3
187: 73 111 3
746: 74 5 3
779: 74 41 3
456: 74 52 3
346: 74 87 3
693: 74 116 3
94: 74 126 2
72: 74 130 2
696: 75 19 3
999: 75 47 3
124: 75 56 3
246: 75 61 3
434: 75 65 3
173: 75 95 3
165: 75 112 3
925: 75 122 3
608: 76 23 3
827: 76 31 3
634: 76 71 3
418: 76 80 3
185: 76 89 3
311: 76 99 3
808: 76 105 3
372: 76 117 3
824: 76 133 3
694: 77 10 3
360: 77 16 3
43: 77 40 2
645: 77 43 3
935: 77 63 3
516: 77 75 3
555: 77 94 3
33: 77 121 2
576: 78 34 3
810: 78 47 3
592: 78 51 3
740: 78 56 3
665: 78 81 3
968: 78 86 3
499: 78 98 3
775: 78 102 3
882: 78 107 3
998: 78 125 3
303: 79 5 3
433: 79 13 3
280: 79 17 3
147: 79 26 3
751: 79 121 3
608: 80 40 3
560: 80 46 3
827: 80 51 3
227: 80 57 3
448: 80 80 3
529: 80 110 3
465: 81 11 3
554: 81 33 3
714: 81 86 3
192: 81 96 3
999: 81 100 3
28: 81 127 2
706: 82 19 3
157: 82 24 3
679: 82 28 3
741: 82 43 3
818: 82 60 3
811: 82 64 3
412: 82 82 3
376: 82 92 3
955: 83 9 3
63: 83 16 2
399: 83 100 3
613: 83 110 3
444: 83 120 3
972: 83 132 3
697: 84 34 3
600: 84 47 3
965: 84 52 3
354: 84 58 3
392: 84 68 3
827: 84 74 3
326: 84 86 3
323: 84 106 3
483: 84 128 3
381: 85 16 3
972: 85 27 3
373: 85 40 3
9: 85 63 1
289: 85 95 3
239: 86 46 3
341: 86 105 3
329: 86 114 3
801: 87 0 3
638: 87 9 3
659: 87 13 3
358: 87 24 3
29: 87 30 2
695: 87 34 3
863: 87 65 3
310: 87 94 3
941: 87 110 3
216: 87 122 3
311: 87 133 3
358: 88 5 3
786: 88 39 3
330: 88 47 3
842: 88 76 3
11: 88 87 2
279: 88 99 3
686: 88 137 3
932: 89 1 3
666: 89 14 3
533: 89 21 3
712: 89 26 3
801: 89 43 3
544: 89 62 3
972: 89 71 3
353: 89 80 3
524: 89 104 3
795: 90 9 3
394: 90 35 3
586: 90 55 3
562: 90 134 3
629: 91 19 3
184: 91 29 3
946: 91 75 3
348: 91 79 3
670: 91 86 3
63: 91 101 2
428: 92 5 3
918: 92 25 3
850: 92 66 3
889: 92 70 3
673: 92 97 3
110: 92 105 3
221: 92 109 3
337: 92 122 3
560: 92 126 3
926: 93 21 3
809: 93 34 3
627: 93 53 3
344: 93 80 3
832: 93 114 3
216: 93 133 3
624: 94 5 3
78: 94 46 2
915: 94 60 3
701: 94 65 3
181: 94 97 3
193: 94 101 3
460: 94 105 3
639: 94 109 3
558: 94 121 3
138: 94 127 3
91: 95 11 2
804: 95 17 3
985: 95 27 3
429: 95 37 3
892: 95 79 3
321: 95 113 3
727: 95 117 3
991: 96 3 3
39: 96 42 2
633: 96 57 3
213: 96 61 3
623: 96 65 3
601: 96 90 3
919: 96 94 3
378: 96 102 3
318: 96 106 3
34: 96 126 2
183: 97 8 3
399: 97 18 3
297: 97 27 3
973: 97 32 3
622: 97 38 3
855: 97 52 3
684: 97 81 3
335: 97 110 3
733: 97 130 3
576: 98 13 3
597: 98 22 3
686: 98 44 3
371: 98 67 3
98: 98 72 2
23: 98 76 2
119: 98 85 3
777: 98 122 3
901: 99 17 3
412: 99 31 3
102: 99 40 3
754: 99 54 3
332: 99 60 3
47: 99 64 2
861: 99 80 3
539: 99 90 3
495: 99 109 3
801: 99 117 3
404: 99 126 3
777: 99 132 3
577: 100 9 3
577: 100 22 3
978: 100 27 3
990: 100 47 3
236: 100 73 3
339: 100 104 3
687: 101 13 3
598: 101 35 3
349: 101 51 3
723: 101 56 3
864: 101 64 3
972: 101 77 3
196: 101 92 3
491: 101 100 3
335: 101 121 3
372: 101 125 3
339: 102 9 3
633: 102 21 3
29: 102 32 2
4: 102 47 1
251: 102 60 3
250: 102 82 3
908: 102 96 3
356: 102 113 3
230: 102 117 3
324: 102 131 3
943: 103 17 3
325: 103 68 3
726: 103 74 3
690: 103 78 3
646: 103 107 3
214: 103 122 3
468: 104 10 3
999: 104 39 3
944: 104 49 3
751: 104 61 3
219: 104 82 3
837: 104 86 3
107: 104 90 3
271: 104 116 3
210: 105 17 3
390: 105 26 3
917: 105 34 3
996: 105 43 3
790: 105 55 3
128: 105 71 3
905: 105 106 3
277: 105 110 3
320: 105 120 3
936: 105 127 3
835: 105 132 3
640: 106 3 3
581: 106 7 3
167: 106 22 3
392: 106 38 3
29: 106 47 2
885: 106 66 3
369: 106 97 3
708: 107 14 3
106: 107 27 3
223: 107 31 3
817: 107 53 3
277: 107 78 3
795: 107 103 3
296: 107 108 3
172: 107 115 3
633: 107 128 3
229: 107 137 3
679: 108 20 3
806: 108 36 3
10: 108 63 2
456: 108 88 3
95: 108 120 2
536: 109 10 3
12: 109 33 2
914: 109 44 3
458: 109 49 3
214: 109 59 3
995: 109 72 3
97: 109 77 2
735: 109 81 3
370: 109 92 3
334: 109 102 3
876: 109 107 3
950: 109 128 3
837: 110 38 3
518: 110 55 3
761: 110 120 3
414: 111 6 3
794: 111 21 3
813: 111 74 3
718: 111 88 3
759: 111 95 3
403: 111 106 3
463: 112 12 3
238: 112 29 3
41: 112 52 2
452: 112 65 3
2: 112 70 1
435: 112 114 3
468: 112 134 3
103: 113 24 3
11: 113 62 2
927: 113 86 3
282: 113 108 3
234: 113 118 3
229: 113 126 3
301: 114 6 3
678: 114 30 3
100: 114 45 3
954: 114 55 3
182: 114 72 3
737: 114 94 3
916: 114 100 3
890: 114 112 3
118: 114 122 3
625: 114 133 3
67: 115 12 2
312: 115 17 3
865: 115 22 3
382: 115 51 3
516: 115 61 3
973: 115 68 3
874: 115 78 3
153: 115 87 3
373: 116 5 3
979: 116 34 3
469: 116 47 3
375: 116 55 3
765: 116 72 3
99: 116 94 2
733: 116 116 3
828: 117 10 3
669: 117 18 3
284: 117 77 3
371: 117 90 3
168: 117 100 3
762: 117 125 3
4: 118 26 1
565: 118 29 3
226: 118 33 3
562: 118 44 3
190: 118 52 3
281: 118 61 3
257: 118 68 3
889: 118 86 3
57: 118 97 2
210: 118 120 3
47: 119 6 2
169: 119 74 3
549: 119 78 3
414: 119 106 3
744: 119 111 3
503: 119 125 3
208: 119 130 3
643: 120 26 3
350: 120 52 3
289: 120 65 3
323: 120 91 3
856: 120 134 3
458: 121 21 3
104: 121 69 3
931: 121 77 3
855: 121 82 3
89: 121 99 2
469: 121 103 3
882: 121 111 3
594: 122 2 3
777: 122 6 3
390: 122 15 3
422: 122 33 3
355: 122 44 3
654: 122 61 3
81: 122 92 2
282: 122 121 3
630: 122 126 3
195: 122 133 3
568: 123 20 3
877: 123 71 3
419: 123 87 3
148: 123 98 3
768: 123 102 3
471: 123 112 3
393: 124 7 3
163: 124 16 3
298: 124 29 3
820: 124 33 3
582: 124 67 3
952: 124 119 3
268: 125 11 3
733: 125 22 3
59: 125 26 2
403: 125 45 3
14: 125 90 2
502: 125 96 3
231: 125 132 3
970: 126 18 3
981: 126 38 3
711: 126 52 3
261: 126 56 3
701: 126 101 3
323: 126 125 3
993: 127 8 3
557: 127 24 3
46: 127 34 2
714: 127 64 3
659: 127 68 3
134: 127 76 3
623: 127 87 3
677: 127 113 3
730: 127 117 3
846: 127 134 3
91: 128 13 2
405: 128 18 3
296: 128 29 3
295: 128 42 3
740: 128 101 3
345: 129 7 3
792: 129 23 3
834: 129 33 3
100: 129 52 3
891: 129 56 3
764: 129 63 3
697: 129 69 3
570: 129 80 3
620: 129 94 3
508: 129 121 3
295: 129 126 3
13: 130 4 2
340: 130 28 3
134: 130 37 3
247: 130 90 3
660: 130 99 3
705: 130 113 3
165: 130 133 3
521: 131 9 3
824: 131 14 3
372: 131 43 3
290: 131 48 3
844: 131 56 3
825: 131 60 3
867: 131 71 3
627: 131 82 3
128: 131 125 3
777: 131 137 3
629: 132 3 3
788: 132 33 3
361: 132 67 3
805: 132 99 3
732: 132 109 3
914: 132 116 3
743: 133 9 3
637: 133 44 3
880: 133 54 3
849: 133 63 3
425: 133 75 3
946: 133 90 3
590: 133 95 3
302: 133 103 3
748: 133 127 3
120: 134 3 3
271: 134 15 3
70: 134 40 2
207: 134 58 3
443: 134 113 3
263: 134 118 3
680: 135 8 3
793: 135 28 3
720: 135 64 3
555: 135 80 3
184: 135 91 3
509: 135 96 3
811: 135 128 3
772: 136 42 3
272: 136 46 3
134: 136 71 3
374: 136 86 3
573: 136 111 3
231: 137 5 3
230: 137 24 3
981: 137 32 3
707: 137 58 3
634: 137 76 3
787: 137 82 3
93: 137 98 2
909: 137 102 3
70: 137 107 2
199: 137 119 3
59: 137 123 2
490: 137 128 3
525: 138 12 3
676: 138 43 3
829: 138 70 3
324: 138 88 3
189: 139 5 3
791: 139 33 3
236: 139 49 3
687: 139 60 3
505: 139 107 3
777: 139 133 3
609 (1,5) * 316 (2, 1)
565 (0,56) * 377 (2, 52)
725 (0,124) * 2 (2, 123)
131 (1,10) * 431 (3, 11)
60 (1,100) * 108 (3, 99)
424 (1,104) * 116 (3, 103)
39 (2,21) * 428 (4, 21)
919 (2,63) * 586 (4, 65)
98 (2,77) * 27 (4, 75)
682 (3,85) * 867 (5, 88)
378 (4,29) * 535 (6, 29)
844 (4,35) * 644 (6, 35)
867 (5,79) * 818 (7, 78)
344 (5,121) * 934 (7, 118)
10 (7,62) * 60 (9, 65)
119 (7,131) * 290 (9, 127)
217 (8,89) * 94 (10, 88)
321 (8,107) * 359 (10, 108)
546 (10,18) * 648 (12, 18)
507 (10,32) * 433 (11, 36)
351 (11,5) * 813 (13, 8)
337 (11,51) * 699 (13, 52)
859 (11,81) * 68 (13, 81)
183 (12,30) * 586 (14, 31)
126 (12,42) * 243 (14, 42)
803 (12,116) * 699 (14, 114)
642 (12,127) * 230 (14, 126)
235 (12,131) * 593 (14, 130)
133 (13,58) * 26 (15, 57)
447 (13,110) * 262 (15, 109)
392 (14,86) * 276 (16, 87)
819 (16,75) * 785 (16, 79)
599 (17,52) * 552 (19, 55)
473 (17,128) * 94 (18, 132)
958 (18,81) * 171 (20, 82)
212 (19,4) * 234 (21, 2)
728 (19,112) * 272 (21, 116)
287 (20,10) * 967 (22, 8)
474 (22,45) * 97 (22, 49)
872 (20,64) * 341 (21, 68)
432 (21,28) * 932 (23, 31)
275 (21,52) * 729 (23, 52)
65 (21,56) * 215 (23, 56)
295 (22,76) * 81 (23, 73)
495 (22,20) * 458 (24, 20)
161 (22,35) * 682 (24, 37)
400 (22,63) * 179 (24, 62)
805 (22,83) * 348 (24, 81)
419 (23,3) * 668 (25, 3)
798 (24,125) * 4 (26, 126)
171 (26,42) * 332 (27, 38)
552 (25,50) * 949 (27, 52)
85 (25,129) * 4 (25, 132)
29 (26,8) * 459 (28, 7)
896 (26,56) * 273 (28, 57)
12 (26,96) * 735 (28, 94)
705 (26,121) * 627 (28, 122)
974 (27,74) * 450 (29, 77)
558 (27,102) * 994 (29, 99)
794 (27,135) * 241 (29, 134)
889 (28,129) * 87 (30, 130)
689 (29,61) * 912 (30, 65)
89 (30,25) * 780 (32, 24)
14 (30,37) * 475 (32, 37)
698 (30,88) * 410 (32, 85)
324 (31,2) * 386 (32, 6)
618 (31,18) * 268 (33, 20)
328 (31,30) * 701 (33, 30)
307 (31,54) * 63 (33, 56)
920 (31,58) * 43 (33, 59)
756 (32,124) * 95 (33, 121)
384 (32,104) * 258 (34, 102)
999 (32,112) * 298 (34, 114)
72 (33,46) * 53 (35, 44)
674 (33,91) * 385 (35, 91)
187 (35,29) * 207 (37, 29)
88 (35,39) * 843 (37, 40)
938 (36,5) * 603 (38, 6)
723 (36,34) * 745 (38, 33)
283 (36,98) * 718 (38, 101)
260 (37,72) * 622 (39, 71)
677 (37,85) * 180 (39, 87)
389 (37,90) * 141 (39, 91)
713 (38,17) * 238 (40, 19)
411 (38,54) * 575 (40, 53)
359 (38,58) * 922 (38, 62)
888 (38,106) * 539 (40, 106)
206 (38,131) * 471 (40, 135)
896 (39,12) * 968 (41, 15)
145 (39,43) * 836 (41, 41)
89 (40,5) * 307 (41, 8)
944 (41,111) * 165 (43, 112)
142 (43,21) * 48 (45, 22)
577 (43,58) * 760 (45, 61)
736 (43,68) * 148 (45, 65)
741 (44,7) * 260 (46, 8)
97 (44,25) * 227 (46, 25)
892 (45,40) * 136 (47, 41)
107 (46,86) * 694 (48, 87)
369 (46,129) * 41 (48, 128)
41 (47,3) * 486 (49, 3)
546 (47,49) * 810 (49, 52)
854 (48,70) * 407 (50, 70)
325 (50,10) * 493 (52, 11)
550 (50,105) * 641 (52, 102)
718 (51,79) * 132 (53, 78)
317 (51,114) * 669 (53, 114)
519 (51,119) * 110 (53, 121)
647 (52,74) * 74 (54, 74)
154 (52,128) * 698 (54, 125)
588 (52,132) * 532 (54, 132)
43 (53,62) * 708 (54, 65)
579 (54,4) * 885 (56, 6)
965 (56,117) * 862 (56, 121)
339 (56,79) * 151 (57, 75)
852 (57,23) * 128 (59, 24)
784 (57,42) * 472 (57, 46)
814 (57,51) * 972 (59, 53)
603 (57,61) * 571 (59, 62)
279 (57,102) * 617 (57, 106)
91 (58,82) * 80 (60, 84)
246 (58,91) * 654 (60, 90)
218 (59,1) * 659 (59, 5)
455 (60,20) * 410 (61, 24)
594 (60,74) * 317 (62, 76)
646 (61,104) * 202 (62, 100)
421 (60,114) * 456 (60, 118)
173 (61,54) * 1 (63, 55)
493 (62,36) * 67 (64, 37)
865 (62,82) * 347 (64, 82)
323 (62,88) * 956 (64, 89)
187 (62,123) * 204 (64, 124)
767 (63,14) * 341 (65, 16)
318 (63,23) * 154 (65, 25)
921 (64,2) * 460 (66, 1)
540 (64,40) * 4 (66, 41)
20 (65,58) * 587 (67, 57)
66 (65,107) * 36 (66, 110)
699 (65,115) * 417 (67, 115)
495 (65,128) * 628 (67, 128)
912 (66,120) * 79 (68, 123)
765 (66,133) * 358 (68, 133)
885 (67,26) * 873 (69, 30)
482 (68,64) * 542 (69, 68)
422 (70,112) * 94 (70, 116)
41 (69,79) * 111 (71, 78)
168 (72,7) * 746 (74, 5)
419 (72,90) * 346 (74, 87)
282 (73,45) * 999 (75, 47)
101 (73,94) * 173 (75, 95)
187 (73,111) * 165 (75, 112)
696 (75,19) * 360 (77, 16)
43 (77,40) * 645 (77, 43)
246 (75,61) * 935 (77, 63)
634 (76,71) * 516 (77, 75)
185 (76,89) * 968 (78, 86)
311 (76,99) * 775 (78, 102)
694 (77,10) * 433 (79, 13)
555 (77,94) * 499 (78, 98)
740 (78,56) * 227 (80, 57)
999 (81,100) * 399 (83, 100)
157 (82,24) * 679 (82, 28)
818 (82,60) * 354 (84, 58)
412 (82,82) * 326 (84, 86)
972 (83,132) * 483 (84, 128)
63 (83,16) * 381 (85, 16)
600 (84,47) * 239 (86, 46)
323 (84,106) * 341 (86, 105)
972 (85,27) * 358 (87, 24)
289 (85,95) * 310 (87, 94)
329 (86,114) * 941 (87, 110)
801 (87,0) * 932 (89, 1)
659 (87,13) * 666 (89, 14)
330 (88,47) * 801 (89, 43)
842 (88,76) * 353 (89, 80)
686 (88,137) * 562 (90, 134)
533 (89,21) * 629 (91, 19)
712 (89,26) * 184 (91, 29)
348 (91,79) * 344 (93, 80)
850 (92,66) * 889 (92, 70)
673 (92,97) * 181 (94, 97)
110 (92,105) * 460 (94, 105)
337 (92,122) * 558 (94, 121)
560 (92,126) * 138 (94, 127)
832 (93,114) * 727 (95, 117)
915 (94,60) * 213 (96, 61)
701 (94,65) * 623 (96, 65)
193 (94,101) * 378 (96, 102)
639 (94,109) * 318 (96, 106)
804 (95,17) * 399 (97, 18)
985 (95,27) * 297 (97, 27)
321 (95,113) * 335 (97, 110)
39 (96,42) * 686 (98, 44)
601 (96,90) * 919 (96, 94)
973 (97,32) * 412 (99, 31)
622 (97,38) * 102 (99, 40)
733 (97,130) * 777 (99, 132)
98 (98,72) * 236 (100, 73)
754 (99,54) * 723 (101, 56)
404 (99,126) * 372 (101, 125)
577 (100,9) * 339 (102, 9)
577 (100,22) * 633 (102, 21)
990 (100,47) * 4 (102, 47)
972 (101,77) * 690 (103, 78)
250 (102,82) * 219 (104, 82)
230 (102,117) * 271 (104, 116)
943 (103,17) * 210 (105, 17)
726 (103,74) * 128 (105, 71)
646 (103,107) * 905 (105, 106)
214 (103,122) * 320 (105, 120)
640 (106,3) * 581 (106, 7)
390 (105,26) * 167 (106, 22)
837 (104,86) * 107 (104, 90)
790 (105,55) * 817 (107, 53)
936 (105,127) * 633 (107, 128)
885 (106,66) * 10 (108, 63)
106 (107,27) * 223 (107, 31)
806 (108,36) * 12 (109, 33)
277 (107,78) * 97 (109, 77)
795 (107,103) * 334 (109, 102)
95 (108,120) * 761 (110, 120)
536 (109,10) * 414 (111, 6)
995 (109,72) * 813 (111, 74)
370 (109,92) * 759 (111, 95)
518 (110,55) * 41 (112, 52)
238 (112,29) * 678 (114, 30)
435 (112,114) * 890 (114, 112)
468 (112,134) * 625 (114, 133)
11 (113,62) * 516 (115, 61)
927 (113,86) * 153 (115, 87)
100 (114,45) * 469 (116, 47)
182 (114,72) * 765 (116, 72)
737 (114,94) * 99 (116, 94)
67 (115,12) * 828 (117, 10)
312 (115,17) * 669 (117, 18)
382 (115,51) * 375 (116, 55)
979 (116,34) * 226 (118, 33)
168 (117,100) * 57 (118, 97)
284 (117,77) * 549 (119, 78)
762 (117,125) * 503 (119, 125)
190 (118,52) * 350 (120, 52)
257 (118,68) * 289 (120, 65)
169 (119,74) * 931 (121, 77)
594 (122,2) * 777 (122, 6)
856 (120,134) * 195 (122, 133)
458 (121,21) * 568 (123, 20)
469 (121,103) * 768 (123, 102)
882 (121,111) * 471 (123, 112)
390 (122,15) * 163 (124, 16)
422 (122,33) * 820 (124, 33)
877 (123,71) * 582 (124, 67)
148 (123,98) * 502 (125, 96)
393 (124,7) * 268 (125, 11)
733 (125,22) * 970 (126, 18)
59 (125,26) * 557 (127, 24)
231 (125,132) * 846 (127, 134)
981 (126,38) * 295 (128, 42)
701 (126,101) * 740 (128, 101)
677 (127,113) * 730 (127, 117)
296 (128,29) * 340 (130, 28)
697 (129,69) * 867 (131, 71)
570 (129,80) * 627 (131, 82)
134 (130,37) * 788 (132, 33)
705 (130,113) * 732 (132, 109)
521 (131,9) * 743 (133, 9)
372 (131,43) * 637 (133, 44)
844 (131,56) * 880 (133, 54)
629 (132,3) * 120 (134, 3)
805 (132,99) * 302 (133, 103)
914 (132,116) * 263 (134, 118)
590 (133,95) * 184 (135, 91)
70 (134,40) * 772 (136, 42)
443 (134,113) * 573 (136, 111)
555 (135,80) * 787 (137, 82)
509 (135,96) * 93 (137, 98)
199 (137,119) * 59 (137, 123)
811 (135,128) * 490 (137, 128)
134 (136,71) * 829 (138, 70)
374 (136,86) * 324 (138, 88)
231 (137,5) * 189 (139, 5)
981 (137,32) * 791 (139, 33)
707 (137,58) * 687 (139, 60)
70 (137,107) * 505 (139, 107)
63078526
