1
1 3 5 2 4
4 2 5 3 1 
5 3 1 4 2 
o....
..o..
....o
.o...
...o.
*

2
1 4 2 5 3
3 5 2 4 1 
5 2 4 1 3 
o....
...o.
.o...
....o
..o..
*

3
2 4 1 3 5
5 3 1 4 2 
4 2 5 3 1 
.o...
...o.
o....
..o..
....o
*

4
2 5 3 1 4
4 1 3 5 2 
4 1 3 5 2 
.o...
....o
..o..
o....
...o.
*

5
3 1 4 2 5
5 2 4 1 3 
3 5 2 4 1 
..o..
o....
...o.
.o...
....o
*

6
3 5 2 4 1
1 4 2 5 3 
3 1 4 2 5 
..o..
....o
.o...
...o.
o....
*

7
4 1 3 5 2
2 5 3 1 4 
2 5 3 1 4 
...o.
o....
..o..
....o
.o...
*

8
4 2 5 3 1
1 3 5 2 4 
2 4 1 3 5 
...o.
.o...
....o
..o..
o....
*

9
5 2 4 1 3
3 1 4 2 5 
1 4 2 5 3 
....o
.o...
...o.
o....
..o..
*

10
5 3 1 4 2
2 4 1 3 5 
1 3 5 2 4 
....o
..o..
o....
...o.
.o...
*

20
