100
107 24449020355404286909686621290907385446280385211360917844833935065006317026281714920612713003850268534701880
154 0840787464680627166865433786821189215309931135789384214185568277100635475618768796372818805742607152045030754200473901687956280923499227476665353236472056
111 069074329275372562934230377363448066630307984139535325267162239531102567724740811931246459970715646407234164975
135 586737056853948473247039519516125329209727486442364076039377486460902415645154072488594072691435680669435595505203830328395881114258086
180 552230107589712778192441425723135042565285224482933548893676047712797373581409904360594899114293740373475629114592228287397654931072014175066042444189902331402326105448653349640547
128 65199385203164016542555250575395654973702864191551073270938354768012073210325330264784396577033180348110968658895127182727046093
108 899414545282050257210128925935630628581433387702829000542957258765743240826059407928041076026651127176164672
174 188643713287321580894628897701082696209308112303290930268143691226704002685922619279118247254802697367269365830510078508157424354032820343253183668195837342640493117934272664
166 9405632651725029128728138293600610313168946406406465580932765885100329722534920934657106520398387786107646943469208274534672633392220830207767493753200001832618789302
116 76572051102060659025425115169908017044421477798086465833800440517025321205192169080536472266441020722249125424261200
134 56557690695762995959451146611783620893736613432611435949950524348553538726962482298953538920818458099084739414152794156711857983271504
127 4571037373542471960157661610879857923828238357251327581861223518024560119256498029942837510686971545377816160400410227938859102
133 2369133550931952768189720446299179397550402638234793373360210089740053500300675358203360392925147550606926483130068167643270932295266
163 7395618451171450161040883714724323864055469449877846209128392034071301103312694415897322797938976514319346396318485011531744063856423345641105031750690513718063944
168 617233041760770761315039113692530986202331566655664738811283072025372380915622204560537542588326822351783435286430199286133623362967026938974468563844055865606190686081
133 7433845279177290067272738727331198304878229636296659616501789003446905807378972392407676038894292906463008053673918623716582173945371
162 042640115750402735483432763375461686634370139674419588742702936461698699213349050090283936765730199423995248892918590436447324058078304857691726054614876701159758
173 03971656834212448579893546696275209325159531133158224798184548305867112735338966933859770074554193476192357749226067291781512334326648034115870277487096488653158125195123752
157 5615904887044015513418019632654487541900372344294053515230022500513469497012886891966964379011324939265458073029467953548473955363389624243297850809774893199
141 546479303367731714774196913639512181316997894492882806080993890992778354102398428056984360928216210931694700657587506400990049657780409383586
106 2557045731083999618467836075146662672633274635058588956235944374121363123146568952489671778013961956515085
145 5106017557162841195528196144114054408929526179412738098427023284068662306666240936464205498614092383475629403721038098070590760329022650624255191
175 7973373576058344693753665568646979923008567667500194770020818124290207735774188681750415274348874926212039142150417625687906875900952062721907092258437000033007668972103406252
129 681885662506217305127628882948918673660125772236425164759735690945969967882035809870671394121359508762697188062471691106993828279
143 80159276247186208072257204968013288018460100568921836919786965304840171360951926488501321483485853053844045990234587191445366790829410583780880
176 31713480384452579474505164725823614555901471440492197569456754125265660703786225494871948312077027530790827532456684799296010364108053134449356927631622173965090603986488401543
193 4370384660967897066950169370151826153125372587565049344580509746927924205886607803927525157757851852666106150543356426650489679903118188968897141730083034013278398382411872721637031991315630006
197 71872507746644917875545167372549958910138560678369430648372009410920152371664980527299182315521757192692492050635582324988484777463471383605130773566029614157744365776429036757516568446430924989344
174 632897127178510563879710019169575856115601038934736093831185708759530291339349100512048871844917406266042938704574200715074356173623178241828951991501833726000291799891908735
188 93445433594344679006500112145094387590125190282549583414357284249065184098177685356017942744245685758795924308458172756858310646473669985816039905734997664996566747398867453511539796575263
198 410077443889191099791395211284483361717617598236253641048090497462355133662405269231966642867663030287006398089596621612288436139538243984934057701616601646660849305784738945706358965569329201915172
160 0609774281479754039500932736139750237152354614316048361475820727782272812999814751914769560355039016198467050165943275389969246462369476525067089183988967645225
112 8459368516064170872418579273918586874338834203682103151795039984455090942284563295610649824496771891249782008444
123 936287563814206264084846518039264429460210854444226718367792952494777959286720215899586284443850847583308994500000356967635
130 1646592822996437607419802465710188878401010747537246247007466726975105193756789088949517116942644663828811606337232195037275499635
184 6967606484357846493503061150756791879824876020663911778936592372491827667367735769159102598081179987580548942493241731512821020151762733891046143554029388431757242113080588396334922069
184 8630862452995183893769247321722420294566680659349589090962414612537656966483054046532874795909041115666186052358351749599918845924738876203705119732549184514185016853503677221938390733
119 21249436759933897267870728959236044283033929599537696669177642271831884965793976684535217354492071680979840070803960911
174 147320468143462669649550522434972454712303614247138383292403691850520785363826871704172566505407467880167388781277658536456561363363074323947097333298934146975764654735033347
146 77671084158749691160043342822502505927099904545436967688972900699229450758049284936851606571644212903081614729933339305449713912870336042324551550
119 36923644036581407459780156767531241098550297478562045817320244722641607572765969331153166304122263339150859667672719484
184 0370692662974988449101651313019225982539784749023612058654643659274468687432401163313928881452235143147997096403679344943230131823452882512162932676069996276743202616522429048217654755
179 29859931488975701631063476831290652145996542965309708660612875458528945020372536290960899891051708946597181014513178622559532613875785599291094786270888891627019358821437568137347
111 448171225247360636579433805893578042229586810363008870807114018962578016353214896785024691326125228409532519332
189 255548990577514460642730249823782274650905060592307307826692551390530028255138245984612663772680388939916107418860595330975938322033043321565627295907631879106706037711635427384782849627275
182 58002491008251157164170423440347124294623679369439365570776867233084394765432537012745177131459565652477405204614366478455738980107768519642690341691467861017368999963909090511349293
136 1921757304032529976641161825687596914431938789673402140512399748274541953341086692865110210928614113592454744692379825092940412655817246
166 4462730523495887867446700397534323305140066812958102222884655916701745909626778881412346596298334138394827566505112003246065942362490489003588843666644356621887104134
135 016825340410983629263634868906410476608946491652888704342715393002646489558444454527917332562893329230304897751239251939125334107731266
170 02554853322952599347388617513321821524410263603690864289184707740689698741352155974663986907842337276210124259867364734636650752384810887116258880117374828245986498969647
120 572953402711915748072209498177776920787734055240762786013664233547298113571791375908403452097811593569453712005282341658
132 936132925279922803635239761357968383035402464466470907177345616570503342577045986148213193274272582818650856828033467364457128208288
108 480279796459583939774779845736658394115841934615686029395456312571289548265059614743815508362344640647626342
178 3345043061915044879398361806750159077558285721751558577988419928053537007120867155933845979862536735529905987627996794693689497866639737072657912623570706365371267779002506648621
133 6847245441103639735499856845833118940869875585833461621585608565877965025384188793597693125149075448435775199842912283037350139031105
190 3858087627853580352254551366530394490514793168200092672505580263875925407488288802667964888828533490043846515574370017922619270448381210816726879085801368302599376880041990680163694872458532
126 878926451724894028874810778674193921601648948319150679268973663398845034969937358485123068684200878130119927796615931980022178
131 50269506909510556856603354508313615798033691054742197129655653623893585518669218605644229814269107172023464421507592097424426071626
153 766596602403917356820808232287278112279378960347124090666816937899236380504619982773761488491348961920387635587274515113659287951335148147566567845193297
169 5565840564836876996767597418399454196268783003911632242354912711805929701744642657303002249924392608508998478328931675235657816618225897526165224081622197570917011509645
108 585668977581503948623979310591370759945176633884560285389384501755195450571193479161545724637834513261041870
142 7296338048373007581698466325315308762777576371553078215598308857287971524252379302433702193742227785676761904980649799146134849398827212838621
147 616653956606680138135271028115250701140691402431668276787391628100947915019819996034277688667286244467708365743061913475420668064071007119401171737
139 7863389418954709847781849692791828631622189259156732105495179641367335585226470595347938302079883979068831332231937202502691228333521572095
114 252654585576900640672647294326510192990496744299017193143236476499710789063575664655924702743693243157663941560590
129 678816218771881594405452264049343431941431051866953953370398874816306889178556929710933772679430617140187932329397535758271739095
149 73277116955596108518705654366333863969896112045981690705342032299116175905891337523810942566807771751663705800795528760460599797639211308369203632429
116 71639052189895424032573839936590786109249761247592709841369438068861546621724657473981914624017566732080849573628748
167 81091207941522359612899786059578982158367536298953715893311225785405190761197468841183637213720032207939804129793080322482631024425360937624328867344540634297484206001
189 357829611483895717846466361817199399896363882500576835840895306792924145778507643977423214288595849858188030577004273619436893697415632463918454434304056363181197595241011273869444732677854
138 158010568016373622879952348965354862460267286460945329181146421147041703067019556348629080275547709289711318160810589086794761478628895923
141 374639444717633339850106058597319789323382628826235123352877981319973986442930679465440653955471282276030025120445568599342687686904004369062
157 0973768676044045474484907093976150000245977309036145344268083074783279481245798290391804034614682308312055740977026298812416867316991036028342363849400775690
148 3556719996074242621916079354933755824066507303749191872619170129276619538229141684133577349294136691329991823698349517060661088123991072993863212634
102 806181509456837252305590277547026142570072277933111375557128696289818940706452171318230343891552141439
189 633278406866162772481960952063187268693461726445647882131789003376298409202325935185638909927870380842946936483535455434070731659178023231942615477122063467992528460205783337520677956316674
173 96707084951883939616630685585682022643016967698215300057978375642497419217974703037079763065112423116565969490694025717741718525363953803595601133007805712361868323948996463
162 798531413610475859867705454614752497549461563740951037808230888518680868148667832243891617076285144654368551070063007515066235294251791233220711145672148013555312
166 7465519672483297257320424572392275503078414644121438740218314838986093798845282517520761784271988473517650167947722900899960111306767874380150432139249182704013727473
191 17377234296070344876030281794899982059996331255758283565938920827280677233104396387698110800666699265998450945578286788402775175471483362974100740096994982519662721859221974195016122507918689
193 8084312189594528285735389711178229419711542491625681447291536131082230281235106025343864458326106042515829471629533303771695902971487015518336480177516571961975401149996829898717176489293807110
172 2051219428957810369161175369270531464374472621106226512208852220211039725234583219469280860595520243163926134601192782637739351870521545119876097609866475998738977866886824
164 46981957123778862554416292214394177305856111761368276500072274914896564017560970378910191360351778969721423180847818313055321424421758027539603683736976191186827394
198 197225063877115378735906754499788415080033953896119101852412960447501357125731773619815699812614957775655633529428431718308760161092530149905340850397498823926861165521553804807137521393133501571788
109 9137354299222175129876459480290044984683489144739269478433044282152061113984672172005243396509054582574194643
159 589687557616536638690556473918109286467556037397108704739300956469145998842413487571660684200102041636455955007086974453933719358270235903639573770287748560722
198 708627299264472756316420398917039072337492000631805459454969469381906106267324857840352820107223247644049670910768450424462927352577183401411862282287896303287206754175008826541158072024943548135815
139 7953207154928030936282611977325100534635414534637229191871928242112087579453192104390364932737858994187232822466430652567291874151642487836
187 9292760598603644319592719290242885371531493708607209261600891007733716456728529192714192783834339771849504899054605581445055966790624669639596185286318003059732747333772305683871651980120
167 73931334835011617727830136554757919278111804053296659207578029640823035876277704049530320114272949575253637048996418284827309119103822815180456916249571665778885258304
144 847978444779906112412475324494148034214799372832183162044306883123673665290735943635819282353705645219359392534332154948850628053882252312545486
142 7025274437910283239231239283566708870326415341382785123478696909459198281413044022937962931264938990022591295945264680822583660709413161271337
113 36692965489282637196522303353407351470502641774419917461013272709410611768392570708766026842993862923912912960643
130 7496241219078301252542064768081606385409759549202699926705360457204232500560340425401145472880345772669632134212131119482040802839
142 2384063970512454388533181841999658857778410817486716479396867181237133079568600395314527978729798516912025556238824277073538643433438875381187
178 9490617817337094423079705276244324514342021500488646626176301492539335353432496183450713377815700278003529606018669401172240798104190484152978383562810498538011521299417121256168
191 72302867133729402229747331526382742009401772659020312145192335365286654763652333022520160829016838221942036027537824881669094112795978697584693162806660685632469839844815128931122145565860666
111 462414116968900280957799165211265937722948323302647181053169736021428092948552307315327251374745553571495248569
182 19611940388523738964495505283213791358931382495011788826573240683456885747577887273107328135102986826224141413941362521686489784565579143577120429556239560609979525789751863753017847
102 664456758619109876556280142392662175148611763328378500390236268778945363741470509640777867966168421197
