1301
-2500 -3500
-2495 -3493
-2490 -3486
-2485 -3479
-2480 -3472
-2475 -3465
-2470 -3458
-2465 -3451
-2460 -3444
-2455 -3437
-2450 -3430
-2445 -3423
-2440 -3416
-2435 -3409
-2430 -3402
-2425 -3395
-2420 -3388
-2415 -3381
-2410 -3374
-2405 -3367
-2400 -3360
-2395 -3353
-2390 -3346
-2385 -3339
-2380 -3332
-2375 -3325
-2370 -3318
-2365 -3311
-2360 -3304
-2355 -3297
-2350 -3290
-2345 -3283
-2340 -3276
-2335 -3269
-2330 -3262
-2325 -3255
-2320 -3248
-2315 -3241
-2310 -3234
-2305 -3227
-2300 -3220
-2295 -3213
-2290 -3206
-2285 -3199
-2280 -3192
-2275 -3185
-2270 -3178
-2265 -3171
-2260 -3164
-2255 -3157
-2250 -3150
-2245 -3143
-2240 -3136
-2235 -3129
-2230 -3122
-2225 -3115
-2220 -3108
-2215 -3101
-2210 -3094
-2205 -3087
-2200 -3080
-2195 -3073
-2190 -3066
-2185 -3059
-2180 -3052
-2175 -3045
-2170 -3038
-2165 -3031
-2160 -3024
-2155 -3017
-2150 -3010
-2145 -3003
-2140 -2996
-2135 -2989
-2130 -2982
-2125 -2975
-2120 -2968
-2115 -2961
-2110 -2954
-2105 -2947
-2100 -2940
-2095 -2933
-2090 -2926
-2085 -2919
-2080 -2912
-2075 -2905
-2070 -2898
-2065 -2891
-2060 -2884
-2055 -2877
-2050 -2870
-2045 -2863
-2040 -2856
-2035 -2849
-2030 -2842
-2025 -2835
-2020 -2828
-2015 -2821
-2010 -2814
-2005 -2807
-2000 -2800
-1995 -2793
-1990 -2786
-1985 -2779
-1980 -2772
-1975 -2765
-1970 -2758
-1965 -2751
-1960 -2744
-1955 -2737
-1950 -2730
-1945 -2723
-1940 -2716
-1935 -2709
-1930 -2702
-1925 -2695
-1920 -2688
-1915 -2681
-1910 -2674
-1905 -2667
-1900 -2660
-1895 -2653
-1890 -2646
-1885 -2639
-1880 -2632
-1875 -2625
-1870 -2618
-1865 -2611
-1860 -2604
-1855 -2597
-1850 -2590
-1845 -2583
-1840 -2576
-1835 -2569
-1830 -2562
-1825 -2555
-1820 -2548
-1815 -2541
-1810 -2534
-1805 -2527
-1800 -2520
-1795 -2513
-1790 -2506
-1785 -2499
-1780 -2492
-1775 -2485
-1770 -2478
-1765 -2471
-1760 -2464
-1755 -2457
-1750 -2450
-1745 -2443
-1740 -2436
-1735 -2429
-1730 -2422
-1725 -2415
-1720 -2408
-1715 -2401
-1710 -2394
-1705 -2387
-1700 -2380
-1695 -2373
-1690 -2366
-1685 -2359
-1680 -2352
-1675 -2345
-1670 -2338
-1665 -2331
-1660 -2324
-1655 -2317
-1650 -2310
-1645 -2303
-1640 -2296
-1635 -2289
-1630 -2282
-1625 -2275
-1620 -2268
-1615 -2261
-1610 -2254
-1605 -2247
-1600 -2240
-1595 -2233
-1590 -2226
-1585 -2219
-1580 -2212
-1575 -2205
-1570 -2198
-1565 -2191
-1560 -2184
-1555 -2177
-1550 -2170
-1545 -2163
-1540 -2156
-1535 -2149
-1530 -2142
-1525 -2135
-1520 -2128
-1515 -2121
-1510 -2114
-1505 -2107
-1500 -2100
-1495 -2093
-1490 -2086
-1485 -2079
-1480 -2072
-1475 -2065
-1470 -2058
-1465 -2051
-1460 -2044
-1455 -2037
-1450 -2030
-1445 -2023
-1440 -2016
-1435 -2009
-1430 -2002
-1425 -1995
-1420 -1988
-1415 -1981
-1410 -1974
-1405 -1967
-1400 -1960
-1395 -1953
-1390 -1946
-1385 -1939
-1380 -1932
-1375 -1925
-1370 -1918
-1365 -1911
-1360 -1904
-1355 -1897
-1350 -1890
-1345 -1883
-1340 -1876
-1335 -1869
-1330 -1862
-1325 -1855
-1320 -1848
-1315 -1841
-1310 -1834
-1305 -1827
-1300 -1820
-1295 -1813
-1290 -1806
-1285 -1799
-1280 -1792
-1275 -1785
-1270 -1778
-1265 -1771
-1260 -1764
-1255 -1757
-1250 -1750
-1245 -1743
-1240 -1736
-1235 -1729
-1230 -1722
-1225 -1715
-1220 -1708
-1215 -1701
-1210 -1694
-1205 -1687
-1200 -1680
-1195 -1673
-1190 -1666
-1185 -1659
-1180 -1652
-1175 -1645
-1170 -1638
-1165 -1631
-1160 -1624
-1155 -1617
-1150 -1610
-1145 -1603
-1140 -1596
-1135 -1589
-1130 -1582
-1125 -1575
-1120 -1568
-1115 -1561
-1110 -1554
-1105 -1547
-1100 -1540
-1095 -1533
-1090 -1526
-1085 -1519
-1080 -1512
-1075 -1505
-1070 -1498
-1065 -1491
-1060 -1484
-1055 -1477
-1050 -1470
-1045 -1463
-1040 -1456
-1035 -1449
-1030 -1442
-1025 -1435
-1020 -1428
-1015 -1421
-1010 -1414
-1005 -1407
-1000 -1400
-995 -1393
-990 -1386
-985 -1379
-980 -1372
-975 -1365
-970 -1358
-965 -1351
-960 -1344
-955 -1337
-950 -1330
-945 -1323
-940 -1316
-935 -1309
-930 -1302
-925 -1295
-920 -1288
-915 -1281
-910 -1274
-905 -1267
-900 -1260
-895 -1253
-890 -1246
-885 -1239
-880 -1232
-875 -1225
-870 -1218
-865 -1211
-860 -1204
-855 -1197
-850 -1190
-845 -1183
-840 -1176
-835 -1169
-830 -1162
-825 -1155
-820 -1148
-815 -1141
-810 -1134
-805 -1127
-800 -1120
-795 -1113
-790 -1106
-785 -1099
-780 -1092
-775 -1085
-770 -1078
-765 -1071
-760 -1064
-755 -1057
-750 -1050
-745 -1043
-740 -1036
-735 -1029
-730 -1022
-725 -1015
-720 -1008
-715 -1001
-710 -994
-705 -987
-700 -980
-695 -973
-690 -966
-685 -959
-680 -952
-675 -945
-670 -938
-665 -931
-660 -924
-655 -917
-650 -910
-645 -903
-640 -896
-635 -889
-630 -882
-625 -875
-620 -868
-615 -861
-610 -854
-605 -847
-600 -840
-595 -833
-590 -826
-585 -819
-580 -812
-575 -805
-570 -798
-565 -791
-560 -784
-555 -777
-550 -770
-545 -763
-540 -756
-535 -749
-530 -742
-525 -735
-520 -728
-515 -721
-510 -714
-505 -707
-500 -700
-495 -693
-490 -686
-485 -679
-480 -672
-475 -665
-470 -658
-465 -651
-460 -644
-455 -637
-450 -630
-445 -623
-440 -616
-435 -609
-430 -602
-425 -595
-420 -588
-415 -581
-410 -574
-405 -567
-400 -560
-395 -553
-390 -546
-385 -539
-380 -532
-375 -525
-370 -518
-365 -511
-360 -504
-355 -497
-350 -490
-345 -483
-340 -476
-335 -469
-330 -462
-325 -455
-320 -448
-315 -441
-310 -434
-305 -427
-300 -420
-295 -413
-290 -406
-285 -399
-280 -392
-275 -385
-270 -378
-265 -371
-260 -364
-255 -357
-250 -350
-245 -343
-240 -336
-235 -329
-230 -322
-225 -315
-220 -308
-215 -301
-210 -294
-205 -287
-200 -280
-195 -273
-190 -266
-185 -259
-180 -252
-175 -245
-170 -238
-165 -231
-160 -224
-155 -217
-150 -210
-145 -203
-140 -196
-135 -189
-130 -182
-125 -175
-120 -168
-115 -161
-110 -154
-105 -147
-100 -140
-95 -133
-90 -126
-85 -119
-80 -112
-75 -105
-70 -98
-65 -91
-60 -84
-55 -77
-50 -70
-45 -63
-40 -56
-35 -49
-30 -42
-25 -35
-20 -28
-15 -21
-10 -14
-5 -7
0 0
5 7
10 14
15 21
20 28
25 35
30 42
35 49
40 56
45 63
50 70
55 77
60 84
65 91
70 98
75 105
80 112
85 119
90 126
95 133
100 140
105 147
110 154
115 161
120 168
125 175
130 182
135 189
140 196
145 203
150 210
155 217
160 224
165 231
170 238
175 245
180 252
185 259
190 266
195 273
200 280
205 287
210 294
215 301
220 308
225 315
230 322
235 329
240 336
245 343
250 350
255 357
260 364
265 371
270 378
275 385
280 392
285 399
290 406
295 413
300 420
305 427
310 434
315 441
320 448
325 455
330 462
335 469
340 476
345 483
350 490
355 497
360 504
365 511
370 518
375 525
380 532
385 539
390 546
395 553
400 560
405 567
410 574
415 581
420 588
425 595
430 602
435 609
440 616
445 623
450 630
455 637
460 644
465 651
470 658
475 665
480 672
485 679
490 686
495 693
500 700
505 707
510 714
515 721
520 728
525 735
530 742
535 749
540 756
545 763
550 770
555 777
560 784
565 791
570 798
575 805
580 812
585 819
590 826
595 833
600 840
605 847
610 854
615 861
620 868
625 875
630 882
635 889
640 896
645 903
650 910
655 917
660 924
665 931
670 938
675 945
680 952
685 959
690 966
695 973
700 980
705 987
710 994
715 1001
720 1008
725 1015
730 1022
735 1029
740 1036
745 1043
750 1050
755 1057
760 1064
765 1071
770 1078
775 1085
780 1092
785 1099
790 1106
795 1113
800 1120
805 1127
810 1134
815 1141
820 1148
825 1155
830 1162
835 1169
840 1176
845 1183
850 1190
855 1197
860 1204
865 1211
870 1218
875 1225
880 1232
885 1239
890 1246
895 1253
900 1260
905 1267
910 1274
915 1281
920 1288
925 1295
930 1302
935 1309
940 1316
945 1323
950 1330
955 1337
960 1344
965 1351
970 1358
975 1365
980 1372
985 1379
990 1386
995 1393
1000 1400
1005 1407
1010 1414
1015 1421
1020 1428
1025 1435
1030 1442
1035 1449
1040 1456
1045 1463
1050 1470
1055 1477
1060 1484
1065 1491
1070 1498
1075 1505
1080 1512
1085 1519
1090 1526
1095 1533
1100 1540
1105 1547
1110 1554
1115 1561
1120 1568
1125 1575
1130 1582
1135 1589
1140 1596
1145 1603
1150 1610
1155 1617
1160 1624
1165 1631
1170 1638
1175 1645
1180 1652
1185 1659
1190 1666
1195 1673
1200 1680
1205 1687
1210 1694
1215 1701
1220 1708
1225 1715
1230 1722
1235 1729
1240 1736
1245 1743
1250 1750
1255 1757
1260 1764
1265 1771
1270 1778
1275 1785
1280 1792
1285 1799
1290 1806
1295 1813
1300 1820
1305 1827
1310 1834
1315 1841
1320 1848
1325 1855
1330 1862
1335 1869
1340 1876
1345 1883
1350 1890
1355 1897
1360 1904
1365 1911
1370 1918
1375 1925
1380 1932
1385 1939
1390 1946
1395 1953
1400 1960
1405 1967
1410 1974
1415 1981
1420 1988
1425 1995
1430 2002
1435 2009
1440 2016
1445 2023
1450 2030
1455 2037
1460 2044
1465 2051
1470 2058
1475 2065
1480 2072
1485 2079
1490 2086
1495 2093
1500 2100
1505 2107
1510 2114
1515 2121
1520 2128
1525 2135
1530 2142
1535 2149
1540 2156
1545 2163
1550 2170
1555 2177
1560 2184
1565 2191
1570 2198
1575 2205
1580 2212
1585 2219
1590 2226
1595 2233
1600 2240
1605 2247
1610 2254
1615 2261
1620 2268
1625 2275
1630 2282
1635 2289
1640 2296
1645 2303
1650 2310
1655 2317
1660 2324
1665 2331
1670 2338
1675 2345
1680 2352
1685 2359
1690 2366
1695 2373
1700 2380
1705 2387
1710 2394
1715 2401
1720 2408
1725 2415
1730 2422
1735 2429
1740 2436
1745 2443
1750 2450
1755 2457
1760 2464
1765 2471
1770 2478
1775 2485
1780 2492
1785 2499
1790 2506
1795 2513
1800 2520
1805 2527
1810 2534
1815 2541
1820 2548
1825 2555
1830 2562
1835 2569
1840 2576
1845 2583
1850 2590
1855 2597
1860 2604
1865 2611
1870 2618
1875 2625
1880 2632
1885 2639
1890 2646
1895 2653
1900 2660
1905 2667
1910 2674
1915 2681
1920 2688
1925 2695
1930 2702
1935 2709
1940 2716
1945 2723
1950 2730
1955 2737
1960 2744
1965 2751
1970 2758
1975 2765
1980 2772
1985 2779
1990 2786
1995 2793
2000 2800
2005 2807
2010 2814
2015 2821
2020 2828
2025 2835
2030 2842
2035 2849
2040 2856
2045 2863
2050 2870
2055 2877
2060 2884
2065 2891
2070 2898
2075 2905
2080 2912
2085 2919
2090 2926
2095 2933
2100 2940
2105 2947
2110 2954
2115 2961
2120 2968
2125 2975
2130 2982
2135 2989
2140 2996
2145 3003
2150 3010
2155 3017
2160 3024
2165 3031
2170 3038
2175 3045
2180 3052
2185 3059
2190 3066
2195 3073
2200 3080
2205 3087
2210 3094
2215 3101
2220 3108
2225 3115
2230 3122
2235 3129
2240 3136
2245 3143
2250 3150
2255 3157
2260 3164
2265 3171
2270 3178
2275 3185
2280 3192
2285 3199
2290 3206
2295 3213
2300 3220
2305 3227
2310 3234
2315 3241
2320 3248
2325 3255
2330 3262
2335 3269
2340 3276
2345 3283
2350 3290
2355 3297
2360 3304
2365 3311
2370 3318
2375 3325
2380 3332
2385 3339
2390 3346
2395 3353
2400 3360
2405 3367
2410 3374
2415 3381
2420 3388
2425 3395
2430 3402
2435 3409
2440 3416
2445 3423
2450 3430
2455 3437
2460 3444
2465 3451
2470 3458
2475 3465
2480 3472
2485 3479
2490 3486
2495 3493
2500 3500
2505 3507
2510 3514
2515 3521
2520 3528
2525 3535
2530 3542
2535 3549
2540 3556
2545 3563
2550 3570
2555 3577
2560 3584
2565 3591
2570 3598
2575 3605
2580 3612
2585 3619
2590 3626
2595 3633
2600 3640
2605 3647
2610 3654
2615 3661
2620 3668
2625 3675
2630 3682
2635 3689
2640 3696
2645 3703
2650 3710
2655 3717
2660 3724
2665 3731
2670 3738
2675 3745
2680 3752
2685 3759
2690 3766
2695 3773
2700 3780
2705 3787
2710 3794
2715 3801
2720 3808
2725 3815
2730 3822
2735 3829
2740 3836
2745 3843
2750 3850
2755 3857
2760 3864
2765 3871
2770 3878
2775 3885
2780 3892
2785 3899
2790 3906
2795 3913
2800 3920
2805 3927
2810 3934
2815 3941
2820 3948
2825 3955
2830 3962
2835 3969
2840 3976
2845 3983
2850 3990
2855 3997
2860 4004
2865 4011
2870 4018
2875 4025
2880 4032
2885 4039
2890 4046
2895 4053
2900 4060
2905 4067
2910 4074
2915 4081
2920 4088
2925 4095
2930 4102
2935 4109
2940 4116
2945 4123
2950 4130
2955 4137
2960 4144
2965 4151
2970 4158
2975 4165
2980 4172
2985 4179
2990 4186
2995 4193
3000 4200
3005 4207
3010 4214
3015 4221
3020 4228
3025 4235
3030 4242
3035 4249
3040 4256
3045 4263
3050 4270
3055 4277
3060 4284
3065 4291
3070 4298
3075 4305
3080 4312
3085 4319
3090 4326
3095 4333
3100 4340
3105 4347
3110 4354
3115 4361
3120 4368
3125 4375
3130 4382
3135 4389
3140 4396
3145 4403
3150 4410
3155 4417
3160 4424
3165 4431
3170 4438
3175 4445
3180 4452
3185 4459
3190 4466
3195 4473
3200 4480
3205 4487
3210 4494
3215 4501
3220 4508
3225 4515
3230 4522
3235 4529
3240 4536
3245 4543
3250 4550
3255 4557
3260 4564
3265 4571
3270 4578
3275 4585
3280 4592
3285 4599
3290 4606
3295 4613
3300 4620
3305 4627
3310 4634
3315 4641
3320 4648
3325 4655
3330 4662
3335 4669
3340 4676
3345 4683
3350 4690
3355 4697
3360 4704
3365 4711
3370 4718
3375 4725
3380 4732
3385 4739
3390 4746
3395 4753
3400 4760
3405 4767
3410 4774
3415 4781
3420 4788
3425 4795
3430 4802
3435 4809
3440 4816
3445 4823
3450 4830
3455 4837
3460 4844
3465 4851
3470 4858
3475 4865
3480 4872
3485 4879
3490 4886
3495 4893
3500 4900
3505 4907
3510 4914
3515 4921
3520 4928
3525 4935
3530 4942
3535 4949
3540 4956
3545 4963
3550 4970
3555 4977
3560 4984
3565 4991
3570 4998
3575 5005
3580 5012
3585 5019
3590 5026
3595 5033
3600 5040
3605 5047
3610 5054
3615 5061
3620 5068
3625 5075
3630 5082
3635 5089
3640 5096
3645 5103
3650 5110
3655 5117
3660 5124
3665 5131
3670 5138
3675 5145
3680 5152
3685 5159
3690 5166
3695 5173
3700 5180
3705 5187
3710 5194
3715 5201
3720 5208
3725 5215
3730 5222
3735 5229
3740 5236
3745 5243
3750 5250
3755 5257
3760 5264
3765 5271
3770 5278
3775 5285
3780 5292
3785 5299
3790 5306
3795 5313
3800 5320
3805 5327
3810 5334
3815 5341
3820 5348
3825 5355
3830 5362
3835 5369
3840 5376
3845 5383
3850 5390
3855 5397
3860 5404
3865 5411
3870 5418
3875 5425
3880 5432
3885 5439
3890 5446
3895 5453
3900 5460
3905 5467
3910 5474
3915 5481
3920 5488
3925 5495
3930 5502
3935 5509
3940 5516
3945 5523
3950 5530
3955 5537
3960 5544
3965 5551
3970 5558
3975 5565
3980 5572
3985 5579
3990 5586
3995 5593
4000 5600
3
1301
-2500 -3500
-2495 -3493
-2490 -3486
-2485 -3479
-2480 -3472
-2475 -3465
-2470 -3458
-2465 -3451
-2460 -3444
-2455 -3437
-2450 -3430
-2445 -3423
-2440 -3416
-2435 -3409
-2430 -3402
-2425 -3395
-2420 -3388
-2415 -3381
-2410 -3374
-2405 -3367
-2400 -3360
-2395 -3353
-2390 -3346
-2385 -3339
-2380 -3332
-2375 -3325
-2370 -3318
-2365 -3311
-2360 -3304
-2355 -3297
-2350 -3290
-2345 -3283
-2340 -3276
-2335 -3269
-2330 -3262
-2325 -3255
-2320 -3248
-2315 -3241
-2310 -3234
-2305 -3227
-2300 -3220
-2295 -3213
-2290 -3206
-2285 -3199
-2280 -3192
-2275 -3185
-2270 -3178
-2265 -3171
-2260 -3164
-2255 -3157
-2250 -3150
-2245 -3143
-2240 -3136
-2235 -3129
-2230 -3122
-2225 -3115
-2220 -3108
-2215 -3101
-2210 -3094
-2205 -3087
-2200 -3080
-2195 -3073
-2190 -3066
-2185 -3059
-2180 -3052
-2175 -3045
-2170 -3038
-2165 -3031
-2160 -3024
-2155 -3017
-2150 -3010
-2145 -3003
-2140 -2996
-2135 -2989
-2130 -2982
-2125 -2975
-2120 -2968
-2115 -2961
-2110 -2954
-2105 -2947
-2100 -2940
-2095 -2933
-2090 -2926
-2085 -2919
-2080 -2912
-2075 -2905
-2070 -2898
-2065 -2891
-2060 -2884
-2055 -2877
-2050 -2870
-2045 -2863
-2040 -2856
-2035 -2849
-2030 -2842
-2025 -2835
-2020 -2828
-2015 -2821
-2010 -2814
-2005 -2807
-2000 -2800
-1995 -2793
-1990 -2786
-1985 -2779
-1980 -2772
-1975 -2765
-1970 -2758
-1965 -2751
-1960 -2744
-1955 -2737
-1950 -2730
-1945 -2723
-1940 -2716
-1935 -2709
-1930 -2702
-1925 -2695
-1920 -2688
-1915 -2681
-1910 -2674
-1905 -2667
-1900 -2660
-1895 -2653
-1890 -2646
-1885 -2639
-1880 -2632
-1875 -2625
-1870 -2618
-1865 -2611
-1860 -2604
-1855 -2597
-1850 -2590
-1845 -2583
-1840 -2576
-1835 -2569
-1830 -2562
-1825 -2555
-1820 -2548
-1815 -2541
-1810 -2534
-1805 -2527
-1800 -2520
-1795 -2513
-1790 -2506
-1785 -2499
-1780 -2492
-1775 -2485
-1770 -2478
-1765 -2471
-1760 -2464
-1755 -2457
-1750 -2450
-1745 -2443
-1740 -2436
-1735 -2429
-1730 -2422
-1725 -2415
-1720 -2408
-1715 -2401
-1710 -2394
-1705 -2387
-1700 -2380
-1695 -2373
-1690 -2366
-1685 -2359
-1680 -2352
-1675 -2345
-1670 -2338
-1665 -2331
-1660 -2324
-1655 -2317
-1650 -2310
-1645 -2303
-1640 -2296
-1635 -2289
-1630 -2282
-1625 -2275
-1620 -2268
-1615 -2261
-1610 -2254
-1605 -2247
-1600 -2240
-1595 -2233
-1590 -2226
-1585 -2219
-1580 -2212
-1575 -2205
-1570 -2198
-1565 -2191
-1560 -2184
-1555 -2177
-1550 -2170
-1545 -2163
-1540 -2156
-1535 -2149
-1530 -2142
-1525 -2135
-1520 -2128
-1515 -2121
-1510 -2114
-1505 -2107
-1500 -2100
-1495 -2093
-1490 -2086
-1485 -2079
-1480 -2072
-1475 -2065
-1470 -2058
-1465 -2051
-1460 -2044
-1455 -2037
-1450 -2030
-1445 -2023
-1440 -2016
-1435 -2009
-1430 -2002
-1425 -1995
-1420 -1988
-1415 -1981
-1410 -1974
-1405 -1967
-1400 -1960
-1395 -1953
-1390 -1946
-1385 -1939
-1380 -1932
-1375 -1925
-1370 -1918
-1365 -1911
-1360 -1904
-1355 -1897
-1350 -1890
-1345 -1883
-1340 -1876
-1335 -1869
-1330 -1862
-1325 -1855
-1320 -1848
-1315 -1841
-1310 -1834
-1305 -1827
-1300 -1820
-1295 -1813
-1290 -1806
-1285 -1799
-1280 -1792
-1275 -1785
-1270 -1778
-1265 -1771
-1260 -1764
-1255 -1757
-1250 -1750
-1245 -1743
-1240 -1736
-1235 -1729
-1230 -1722
-1225 -1715
-1220 -1708
-1215 -1701
-1210 -1694
-1205 -1687
-1200 -1680
-1195 -1673
-1190 -1666
-1185 -1659
-1180 -1652
-1175 -1645
-1170 -1638
-1165 -1631
-1160 -1624
-1155 -1617
-1150 -1610
-1145 -1603
-1140 -1596
-1135 -1589
-1130 -1582
-1125 -1575
-1120 -1568
-1115 -1561
-1110 -1554
-1105 -1547
-1100 -1540
-1095 -1533
-1090 -1526
-1085 -1519
-1080 -1512
-1075 -1505
-1070 -1498
-1065 -1491
-1060 -1484
-1055 -1477
-1050 -1470
-1045 -1463
-1040 -1456
-1035 -1449
-1030 -1442
-1025 -1435
-1020 -1428
-1015 -1421
-1010 -1414
-1005 -1407
-1000 -1400
-995 -1393
-990 -1386
-985 -1379
-980 -1372
-975 -1365
-970 -1358
-965 -1351
-960 -1344
-955 -1337
-950 -1330
-945 -1323
-940 -1316
-935 -1309
-930 -1302
-925 -1295
-920 -1288
-915 -1281
-910 -1274
-905 -1267
-900 -1260
-895 -1253
-890 -1246
-885 -1239
-880 -1232
-875 -1225
-870 -1218
-865 -1211
-860 -1204
-855 -1197
-850 -1190
-845 -1183
-840 -1176
-835 -1169
-830 -1162
-825 -1155
-820 -1148
-815 -1141
-810 -1134
-805 -1127
-800 -1120
-795 -1113
-790 -1106
-785 -1099
-780 -1092
-775 -1085
-770 -1078
-765 -1071
-760 -1064
-755 -1057
-750 -1050
-745 -1043
-740 -1036
-735 -1029
-730 -1022
-725 -1015
-720 -1008
-715 -1001
-710 -994
-705 -987
-700 -980
-695 -973
-690 -966
-685 -959
-680 -952
-675 -945
-670 -938
-665 -931
-660 -924
-655 -917
-650 -910
-645 -903
-640 -896
-635 -889
-630 -882
-625 -875
-620 -868
-615 -861
-610 -854
-605 -847
-600 -840
-595 -833
-590 -826
-585 -819
-580 -812
-575 -805
-570 -798
-565 -791
-560 -784
-555 -777
-550 -770
-545 -763
-540 -756
-535 -749
-530 -742
-525 -735
-520 -728
-515 -721
-510 -714
-505 -707
-500 -700
-495 -693
-490 -686
-485 -679
-480 -672
-475 -665
-470 -658
-465 -651
-460 -644
-455 -637
-450 -630
-445 -623
-440 -616
-435 -609
-430 -602
-425 -595
-420 -588
-415 -581
-410 -574
-405 -567
-400 -560
-395 -553
-390 -546
-385 -539
-380 -532
-375 -525
-370 -518
-365 -511
-360 -504
-355 -497
-350 -490
-345 -483
-340 -476
-335 -469
-330 -462
-325 -455
-320 -448
-315 -441
-310 -434
-305 -427
-300 -420
-295 -413
-290 -406
-285 -399
-280 -392
-275 -385
-270 -378
-265 -371
-260 -364
-255 -357
-250 -350
-245 -343
-240 -336
-235 -329
-230 -322
-225 -315
-220 -308
-215 -301
-210 -294
-205 -287
-200 -280
-195 -273
-190 -266
-185 -259
-180 -252
-175 -245
-170 -238
-165 -231
-160 -224
-155 -217
-150 -210
-145 -203
-140 -196
-135 -189
-130 -182
-125 -175
-120 -168
-115 -161
-110 -154
-105 -147
-100 -140
-95 -133
-90 -126
-85 -119
-80 -112
-75 -105
-70 -98
-65 -91
-60 -84
-55 -77
-50 -70
-45 -63
-40 -56
-35 -49
-30 -42
-25 -35
-20 -28
-15 -21
-10 -14
-5 -7
0 0
5 7
10 14
15 21
20 28
25 35
30 42
35 49
40 56
45 63
50 70
55 77
60 84
65 91
70 98
75 105
80 112
85 119
90 126
95 133
100 140
105 147
110 154
115 161
120 168
125 175
130 182
135 189
140 196
145 203
150 210
155 217
160 224
165 231
170 238
175 245
180 252
185 259
190 266
195 273
200 280
205 287
210 294
215 301
220 308
225 315
230 322
235 329
240 336
245 343
250 350
255 357
260 364
265 371
270 378
275 385
280 392
285 399
290 406
295 413
300 420
305 427
310 434
315 441
320 448
325 455
330 462
335 469
340 476
345 483
350 490
355 497
360 504
365 511
370 518
375 525
380 532
385 539
390 546
395 553
400 560
405 567
410 574
415 581
420 588
425 595
430 602
435 609
440 616
445 623
450 630
455 637
460 644
465 651
470 658
475 665
480 672
485 679
490 686
495 693
500 700
505 707
510 714
515 721
520 728
525 735
530 742
535 749
540 756
545 763
550 770
555 777
560 784
565 791
570 798
575 805
580 812
585 819
590 826
595 833
600 840
605 847
610 854
615 861
620 868
625 875
630 882
635 889
640 896
645 903
650 910
655 917
660 924
665 931
670 938
675 945
680 952
685 959
690 966
695 973
700 980
705 987
710 994
715 1001
720 1008
725 1015
730 1022
735 1029
740 1036
745 1043
750 1050
755 1057
760 1064
765 1071
770 1078
775 1085
780 1092
785 1099
790 1106
795 1113
800 1120
805 1127
810 1134
815 1141
820 1148
825 1155
830 1162
835 1169
840 1176
845 1183
850 1190
855 1197
860 1204
865 1211
870 1218
875 1225
880 1232
885 1239
890 1246
895 1253
900 1260
905 1267
910 1274
915 1281
920 1288
925 1295
930 1302
935 1309
940 1316
945 1323
950 1330
955 1337
960 1344
965 1351
970 1358
975 1365
980 1372
985 1379
990 1386
995 1393
1000 1400
1005 1407
1010 1414
1015 1421
1020 1428
1025 1435
1030 1442
1035 1449
1040 1456
1045 1463
1050 1470
1055 1477
1060 1484
1065 1491
1070 1498
1075 1505
1080 1512
1085 1519
1090 1526
1095 1533
1100 1540
1105 1547
1110 1554
1115 1561
1120 1568
1125 1575
1130 1582
1135 1589
1140 1596
1145 1603
1150 1610
1155 1617
1160 1624
1165 1631
1170 1638
1175 1645
1180 1652
1185 1659
1190 1666
1195 1673
1200 1680
1205 1687
1210 1694
1215 1701
1220 1708
1225 1715
1230 1722
1235 1729
1240 1736
1245 1743
1250 1750
1255 1757
1260 1764
1265 1771
1270 1778
1275 1785
1280 1792
1285 1799
1290 1806
1295 1813
1300 1820
1305 1827
1310 1834
1315 1841
1320 1848
1325 1855
1330 1862
1335 1869
1340 1876
1345 1883
1350 1890
1355 1897
1360 1904
1365 1911
1370 1918
1375 1925
1380 1932
1385 1939
1390 1946
1395 1953
1400 1960
1405 1967
1410 1974
1415 1981
1420 1988
1425 1995
1430 2002
1435 2009
1440 2016
1445 2023
1450 2030
1455 2037
1460 2044
1465 2051
1470 2058
1475 2065
1480 2072
1485 2079
1490 2086
1495 2093
1500 2100
1505 2107
1510 2114
1515 2121
1520 2128
1525 2135
1530 2142
1535 2149
1540 2156
1545 2163
1550 2170
1555 2177
1560 2184
1565 2191
1570 2198
1575 2205
1580 2212
1585 2219
1590 2226
1595 2233
1600 2240
1605 2247
1610 2254
1615 2261
1620 2268
1625 2275
1630 2282
1635 2289
1640 2296
1645 2303
1650 2310
1655 2317
1660 2324
1665 2331
1670 2338
1675 2345
1680 2352
1685 2359
1690 2366
1695 2373
1700 2380
1705 2387
1710 2394
1715 2401
1720 2408
1725 2415
1730 2422
1735 2429
1740 2436
1745 2443
1750 2450
1755 2457
1760 2464
1765 2471
1770 2478
1775 2485
1780 2492
1785 2499
1790 2506
1795 2513
1800 2520
1805 2527
1810 2534
1815 2541
1820 2548
1825 2555
1830 2562
1835 2569
1840 2576
1845 2583
1850 2590
1855 2597
1860 2604
1865 2611
1870 2618
1875 2625
1880 2632
1885 2639
1890 2646
1895 2653
1900 2660
1905 2667
1910 2674
1915 2681
1920 2688
1925 2695
1930 2702
1935 2709
1940 2716
1945 2723
1950 2730
1955 2737
1960 2744
1965 2751
1970 2758
1975 2765
1980 2772
1985 2779
1990 2786
1995 2793
2000 2800
2005 2807
2010 2814
2015 2821
2020 2828
2025 2835
2030 2842
2035 2849
2040 2856
2045 2863
2050 2870
2055 2877
2060 2884
2065 2891
2070 2898
2075 2905
2080 2912
2085 2919
2090 2926
2095 2933
2100 2940
2105 2947
2110 2954
2115 2961
2120 2968
2125 2975
2130 2982
2135 2989
2140 2996
2145 3003
2150 3010
2155 3017
2160 3024
2165 3031
2170 3038
2175 3045
2180 3052
2185 3059
2190 3066
2195 3073
2200 3080
2205 3087
2210 3094
2215 3101
2220 3108
2225 3115
2230 3122
2235 3129
2240 3136
2245 3143
2250 3150
2255 3157
2260 3164
2265 3171
2270 3178
2275 3185
2280 3192
2285 3199
2290 3206
2295 3213
2300 3220
2305 3227
2310 3234
2315 3241
2320 3248
2325 3255
2330 3262
2335 3269
2340 3276
2345 3283
2350 3290
2355 3297
2360 3304
2365 3311
2370 3318
2375 3325
2380 3332
2385 3339
2390 3346
2395 3353
2400 3360
2405 3367
2410 3374
2415 3381
2420 3388
2425 3395
2430 3402
2435 3409
2440 3416
2445 3423
2450 3430
2455 3437
2460 3444
2465 3451
2470 3458
2475 3465
2480 3472
2485 3479
2490 3486
2495 3493
2500 3500
2505 3507
2510 3514
2515 3521
2520 3528
2525 3535
2530 3542
2535 3549
2540 3556
2545 3563
2550 3570
2555 3577
2560 3584
2565 3591
2570 3598
2575 3605
2580 3612
2585 3619
2590 3626
2595 3633
2600 3640
2605 3647
2610 3654
2615 3661
2620 3668
2625 3675
2630 3682
2635 3689
2640 3696
2645 3703
2650 3710
2655 3717
2660 3724
2665 3731
2670 3738
2675 3745
2680 3752
2685 3759
2690 3766
2695 3773
2700 3780
2705 3787
2710 3794
2715 3801
2720 3808
2725 3815
2730 3822
2735 3829
2740 3836
2745 3843
2750 3850
2755 3857
2760 3864
2765 3871
2770 3878
2775 3885
2780 3892
2785 3899
2790 3906
2795 3913
2800 3920
2805 3927
2810 3934
2815 3941
2820 3948
2825 3955
2830 3962
2835 3969
2840 3976
2845 3983
2850 3990
2855 3997
2860 4004
2865 4011
2870 4018
2875 4025
2880 4032
2885 4039
2890 4046
2895 4053
2900 4060
2905 4067
2910 4074
2915 4081
2920 4088
2925 4095
2930 4102
2935 4109
2940 4116
2945 4123
2950 4130
2955 4137
2960 4144
2965 4151
2970 4158
2975 4165
2980 4172
2985 4179
2990 4186
2995 4193
3000 4200
3005 4207
3010 4214
3015 4221
3020 4228
3025 4235
3030 4242
3035 4249
3040 4256
3045 4263
3050 4270
3055 4277
3060 4284
3065 4291
3070 4298
3075 4305
3080 4312
3085 4319
3090 4326
3095 4333
3100 4340
3105 4347
3110 4354
3115 4361
3120 4368
3125 4375
3130 4382
3135 4389
3140 4396
3145 4403
3150 4410
3155 4417
3160 4424
3165 4431
3170 4438
3175 4445
3180 4452
3185 4459
3190 4466
3195 4473
3200 4480
3205 4487
3210 4494
3215 4501
3220 4508
3225 4515
3230 4522
3235 4529
3240 4536
3245 4543
3250 4550
3255 4557
3260 4564
3265 4571
3270 4578
3275 4585
3280 4592
3285 4599
3290 4606
3295 4613
3300 4620
3305 4627
3310 4634
3315 4641
3320 4648
3325 4655
3330 4662
3335 4669
3340 4676
3345 4683
3350 4690
3355 4697
3360 4704
3365 4711
3370 4718
3375 4725
3380 4732
3385 4739
3390 4746
3395 4753
3400 4760
3405 4767
3410 4774
3415 4781
3420 4788
3425 4795
3430 4802
3435 4809
3440 4816
3445 4823
3450 4830
3455 4837
3460 4844
3465 4851
3470 4858
3475 4865
3480 4872
3485 4879
3490 4886
3495 4893
3500 4900
3505 4907
3510 4914
3515 4921
3520 4928
3525 4935
3530 4942
3535 4949
3540 4956
3545 4963
3550 4970
3555 4977
3560 4984
3565 4991
3570 4998
3575 5005
3580 5012
3585 5019
3590 5026
3595 5033
3600 5040
3605 5047
3610 5054
3615 5061
3620 5068
3625 5075
3630 5082
3635 5089
3640 5096
3645 5103
3650 5110
3655 5117
3660 5124
3665 5131
3670 5138
3675 5145
3680 5152
3685 5159
3690 5166
3695 5173
3700 5180
3705 5187
3710 5194
3715 5201
3720 5208
3725 5215
3730 5222
3735 5229
3740 5236
3745 5243
3750 5250
3755 5257
3760 5264
3765 5271
3770 5278
3775 5285
3780 5292
3785 5299
3790 5306
3795 5313
3800 5320
3805 5327
3810 5334
3815 5341
3820 5348
3825 5355
3830 5362
3835 5369
3840 5376
3845 5383
3850 5390
3855 5397
3860 5404
3865 5411
3870 5418
3875 5425
3880 5432
3885 5439
3890 5446
3895 5453
3900 5460
3905 5467
3910 5474
3915 5481
3920 5488
3925 5495
3930 5502
3935 5509
3940 5516
3945 5523
3950 5530
3955 5537
3960 5544
3965 5551
3970 5558
3975 5565
3980 5572
3985 5579
3990 5586
3995 5593
4000 5600
1301
-3200 8800
-3196 8789
-3192 8778
-3188 8767
-3184 8756
-3180 8745
-3176 8734
-3172 8723
-3168 8712
-3164 8701
-3160 8690
-3156 8679
-3152 8668
-3148 8657
-3144 8646
-3140 8635
-3136 8624
-3132 8613
-3128 8602
-3124 8591
-3120 8580
-3116 8569
-3112 8558
-3108 8547
-3104 8536
-3100 8525
-3096 8514
-3092 8503
-3088 8492
-3084 8481
-3080 8470
-3076 8459
-3072 8448
-3068 8437
-3064 8426
-3060 8415
-3056 8404
-3052 8393
-3048 8382
-3044 8371
-3040 8360
-3036 8349
-3032 8338
-3028 8327
-3024 8316
-3020 8305
-3016 8294
-3012 8283
-3008 8272
-3004 8261
-3000 8250
-2996 8239
-2992 8228
-2988 8217
-2984 8206
-2980 8195
-2976 8184
-2972 8173
-2968 8162
-2964 8151
-2960 8140
-2956 8129
-2952 8118
-2948 8107
-2944 8096
-2940 8085
-2936 8074
-2932 8063
-2928 8052
-2924 8041
-2920 8030
-2916 8019
-2912 8008
-2908 7997
-2904 7986
-2900 7975
-2896 7964
-2892 7953
-2888 7942
-2884 7931
-2880 7920
-2876 7909
-2872 7898
-2868 7887
-2864 7876
-2860 7865
-2856 7854
-2852 7843
-2848 7832
-2844 7821
-2840 7810
-2836 7799
-2832 7788
-2828 7777
-2824 7766
-2820 7755
-2816 7744
-2812 7733
-2808 7722
-2804 7711
-2800 7700
-2796 7689
-2792 7678
-2788 7667
-2784 7656
-2780 7645
-2776 7634
-2772 7623
-2768 7612
-2764 7601
-2760 7590
-2756 7579
-2752 7568
-2748 7557
-2744 7546
-2740 7535
-2736 7524
-2732 7513
-2728 7502
-2724 7491
-2720 7480
-2716 7469
-2712 7458
-2708 7447
-2704 7436
-2700 7425
-2696 7414
-2692 7403
-2688 7392
-2684 7381
-2680 7370
-2676 7359
-2672 7348
-2668 7337
-2664 7326
-2660 7315
-2656 7304
-2652 7293
-2648 7282
-2644 7271
-2640 7260
-2636 7249
-2632 7238
-2628 7227
-2624 7216
-2620 7205
-2616 7194
-2612 7183
-2608 7172
-2604 7161
-2600 7150
-2596 7139
-2592 7128
-2588 7117
-2584 7106
-2580 7095
-2576 7084
-2572 7073
-2568 7062
-2564 7051
-2560 7040
-2556 7029
-2552 7018
-2548 7007
-2544 6996
-2540 6985
-2536 6974
-2532 6963
-2528 6952
-2524 6941
-2520 6930
-2516 6919
-2512 6908
-2508 6897
-2504 6886
-2500 6875
-2496 6864
-2492 6853
-2488 6842
-2484 6831
-2480 6820
-2476 6809
-2472 6798
-2468 6787
-2464 6776
-2460 6765
-2456 6754
-2452 6743
-2448 6732
-2444 6721
-2440 6710
-2436 6699
-2432 6688
-2428 6677
-2424 6666
-2420 6655
-2416 6644
-2412 6633
-2408 6622
-2404 6611
-2400 6600
-2396 6589
-2392 6578
-2388 6567
-2384 6556
-2380 6545
-2376 6534
-2372 6523
-2368 6512
-2364 6501
-2360 6490
-2356 6479
-2352 6468
-2348 6457
-2344 6446
-2340 6435
-2336 6424
-2332 6413
-2328 6402
-2324 6391
-2320 6380
-2316 6369
-2312 6358
-2308 6347
-2304 6336
-2300 6325
-2296 6314
-2292 6303
-2288 6292
-2284 6281
-2280 6270
-2276 6259
-2272 6248
-2268 6237
-2264 6226
-2260 6215
-2256 6204
-2252 6193
-2248 6182
-2244 6171
-2240 6160
-2236 6149
-2232 6138
-2228 6127
-2224 6116
-2220 6105
-2216 6094
-2212 6083
-2208 6072
-2204 6061
-2200 6050
-2196 6039
-2192 6028
-2188 6017
-2184 6006
-2180 5995
-2176 5984
-2172 5973
-2168 5962
-2164 5951
-2160 5940
-2156 5929
-2152 5918
-2148 5907
-2144 5896
-2140 5885
-2136 5874
-2132 5863
-2128 5852
-2124 5841
-2120 5830
-2116 5819
-2112 5808
-2108 5797
-2104 5786
-2100 5775
-2096 5764
-2092 5753
-2088 5742
-2084 5731
-2080 5720
-2076 5709
-2072 5698
-2068 5687
-2064 5676
-2060 5665
-2056 5654
-2052 5643
-2048 5632
-2044 5621
-2040 5610
-2036 5599
-2032 5588
-2028 5577
-2024 5566
-2020 5555
-2016 5544
-2012 5533
-2008 5522
-2004 5511
-2000 5500
-1996 5489
-1992 5478
-1988 5467
-1984 5456
-1980 5445
-1976 5434
-1972 5423
-1968 5412
-1964 5401
-1960 5390
-1956 5379
-1952 5368
-1948 5357
-1944 5346
-1940 5335
-1936 5324
-1932 5313
-1928 5302
-1924 5291
-1920 5280
-1916 5269
-1912 5258
-1908 5247
-1904 5236
-1900 5225
-1896 5214
-1892 5203
-1888 5192
-1884 5181
-1880 5170
-1876 5159
-1872 5148
-1868 5137
-1864 5126
-1860 5115
-1856 5104
-1852 5093
-1848 5082
-1844 5071
-1840 5060
-1836 5049
-1832 5038
-1828 5027
-1824 5016
-1820 5005
-1816 4994
-1812 4983
-1808 4972
-1804 4961
-1800 4950
-1796 4939
-1792 4928
-1788 4917
-1784 4906
-1780 4895
-1776 4884
-1772 4873
-1768 4862
-1764 4851
-1760 4840
-1756 4829
-1752 4818
-1748 4807
-1744 4796
-1740 4785
-1736 4774
-1732 4763
-1728 4752
-1724 4741
-1720 4730
-1716 4719
-1712 4708
-1708 4697
-1704 4686
-1700 4675
-1696 4664
-1692 4653
-1688 4642
-1684 4631
-1680 4620
-1676 4609
-1672 4598
-1668 4587
-1664 4576
-1660 4565
-1656 4554
-1652 4543
-1648 4532
-1644 4521
-1640 4510
-1636 4499
-1632 4488
-1628 4477
-1624 4466
-1620 4455
-1616 4444
-1612 4433
-1608 4422
-1604 4411
-1600 4400
-1596 4389
-1592 4378
-1588 4367
-1584 4356
-1580 4345
-1576 4334
-1572 4323
-1568 4312
-1564 4301
-1560 4290
-1556 4279
-1552 4268
-1548 4257
-1544 4246
-1540 4235
-1536 4224
-1532 4213
-1528 4202
-1524 4191
-1520 4180
-1516 4169
-1512 4158
-1508 4147
-1504 4136
-1500 4125
-1496 4114
-1492 4103
-1488 4092
-1484 4081
-1480 4070
-1476 4059
-1472 4048
-1468 4037
-1464 4026
-1460 4015
-1456 4004
-1452 3993
-1448 3982
-1444 3971
-1440 3960
-1436 3949
-1432 3938
-1428 3927
-1424 3916
-1420 3905
-1416 3894
-1412 3883
-1408 3872
-1404 3861
-1400 3850
-1396 3839
-1392 3828
-1388 3817
-1384 3806
-1380 3795
-1376 3784
-1372 3773
-1368 3762
-1364 3751
-1360 3740
-1356 3729
-1352 3718
-1348 3707
-1344 3696
-1340 3685
-1336 3674
-1332 3663
-1328 3652
-1324 3641
-1320 3630
-1316 3619
-1312 3608
-1308 3597
-1304 3586
-1300 3575
-1296 3564
-1292 3553
-1288 3542
-1284 3531
-1280 3520
-1276 3509
-1272 3498
-1268 3487
-1264 3476
-1260 3465
-1256 3454
-1252 3443
-1248 3432
-1244 3421
-1240 3410
-1236 3399
-1232 3388
-1228 3377
-1224 3366
-1220 3355
-1216 3344
-1212 3333
-1208 3322
-1204 3311
-1200 3300
-1196 3289
-1192 3278
-1188 3267
-1184 3256
-1180 3245
-1176 3234
-1172 3223
-1168 3212
-1164 3201
-1160 3190
-1156 3179
-1152 3168
-1148 3157
-1144 3146
-1140 3135
-1136 3124
-1132 3113
-1128 3102
-1124 3091
-1120 3080
-1116 3069
-1112 3058
-1108 3047
-1104 3036
-1100 3025
-1096 3014
-1092 3003
-1088 2992
-1084 2981
-1080 2970
-1076 2959
-1072 2948
-1068 2937
-1064 2926
-1060 2915
-1056 2904
-1052 2893
-1048 2882
-1044 2871
-1040 2860
-1036 2849
-1032 2838
-1028 2827
-1024 2816
-1020 2805
-1016 2794
-1012 2783
-1008 2772
-1004 2761
-1000 2750
-996 2739
-992 2728
-988 2717
-984 2706
-980 2695
-976 2684
-972 2673
-968 2662
-964 2651
-960 2640
-956 2629
-952 2618
-948 2607
-944 2596
-940 2585
-936 2574
-932 2563
-928 2552
-924 2541
-920 2530
-916 2519
-912 2508
-908 2497
-904 2486
-900 2475
-896 2464
-892 2453
-888 2442
-884 2431
-880 2420
-876 2409
-872 2398
-868 2387
-864 2376
-860 2365
-856 2354
-852 2343
-848 2332
-844 2321
-840 2310
-836 2299
-832 2288
-828 2277
-824 2266
-820 2255
-816 2244
-812 2233
-808 2222
-804 2211
-800 2200
-796 2189
-792 2178
-788 2167
-784 2156
-780 2145
-776 2134
-772 2123
-768 2112
-764 2101
-760 2090
-756 2079
-752 2068
-748 2057
-744 2046
-740 2035
-736 2024
-732 2013
-728 2002
-724 1991
-720 1980
-716 1969
-712 1958
-708 1947
-704 1936
-700 1925
-696 1914
-692 1903
-688 1892
-684 1881
-680 1870
-676 1859
-672 1848
-668 1837
-664 1826
-660 1815
-656 1804
-652 1793
-648 1782
-644 1771
-640 1760
-636 1749
-632 1738
-628 1727
-624 1716
-620 1705
-616 1694
-612 1683
-608 1672
-604 1661
-600 1650
-596 1639
-592 1628
-588 1617
-584 1606
-580 1595
-576 1584
-572 1573
-568 1562
-564 1551
-560 1540
-556 1529
-552 1518
-548 1507
-544 1496
-540 1485
-536 1474
-532 1463
-528 1452
-524 1441
-520 1430
-516 1419
-512 1408
-508 1397
-504 1386
-500 1375
-496 1364
-492 1353
-488 1342
-484 1331
-480 1320
-476 1309
-472 1298
-468 1287
-464 1276
-460 1265
-456 1254
-452 1243
-448 1232
-444 1221
-440 1210
-436 1199
-432 1188
-428 1177
-424 1166
-420 1155
-416 1144
-412 1133
-408 1122
-404 1111
-400 1100
-396 1089
-392 1078
-388 1067
-384 1056
-380 1045
-376 1034
-372 1023
-368 1012
-364 1001
-360 990
-356 979
-352 968
-348 957
-344 946
-340 935
-336 924
-332 913
-328 902
-324 891
-320 880
-316 869
-312 858
-308 847
-304 836
-300 825
-296 814
-292 803
-288 792
-284 781
-280 770
-276 759
-272 748
-268 737
-264 726
-260 715
-256 704
-252 693
-248 682
-244 671
-240 660
-236 649
-232 638
-228 627
-224 616
-220 605
-216 594
-212 583
-208 572
-204 561
-200 550
-196 539
-192 528
-188 517
-184 506
-180 495
-176 484
-172 473
-168 462
-164 451
-160 440
-156 429
-152 418
-148 407
-144 396
-140 385
-136 374
-132 363
-128 352
-124 341
-120 330
-116 319
-112 308
-108 297
-104 286
-100 275
-96 264
-92 253
-88 242
-84 231
-80 220
-76 209
-72 198
-68 187
-64 176
-60 165
-56 154
-52 143
-48 132
-44 121
-40 110
-36 99
-32 88
-28 77
-24 66
-20 55
-16 44
-12 33
-8 22
-4 11
0 0
4 -11
8 -22
12 -33
16 -44
20 -55
24 -66
28 -77
32 -88
36 -99
40 -110
44 -121
48 -132
52 -143
56 -154
60 -165
64 -176
68 -187
72 -198
76 -209
80 -220
84 -231
88 -242
92 -253
96 -264
100 -275
104 -286
108 -297
112 -308
116 -319
120 -330
124 -341
128 -352
132 -363
136 -374
140 -385
144 -396
148 -407
152 -418
156 -429
160 -440
164 -451
168 -462
172 -473
176 -484
180 -495
184 -506
188 -517
192 -528
196 -539
200 -550
204 -561
208 -572
212 -583
216 -594
220 -605
224 -616
228 -627
232 -638
236 -649
240 -660
244 -671
248 -682
252 -693
256 -704
260 -715
264 -726
268 -737
272 -748
276 -759
280 -770
284 -781
288 -792
292 -803
296 -814
300 -825
304 -836
308 -847
312 -858
316 -869
320 -880
324 -891
328 -902
332 -913
336 -924
340 -935
344 -946
348 -957
352 -968
356 -979
360 -990
364 -1001
368 -1012
372 -1023
376 -1034
380 -1045
384 -1056
388 -1067
392 -1078
396 -1089
400 -1100
404 -1111
408 -1122
412 -1133
416 -1144
420 -1155
424 -1166
428 -1177
432 -1188
436 -1199
440 -1210
444 -1221
448 -1232
452 -1243
456 -1254
460 -1265
464 -1276
468 -1287
472 -1298
476 -1309
480 -1320
484 -1331
488 -1342
492 -1353
496 -1364
500 -1375
504 -1386
508 -1397
512 -1408
516 -1419
520 -1430
524 -1441
528 -1452
532 -1463
536 -1474
540 -1485
544 -1496
548 -1507
552 -1518
556 -1529
560 -1540
564 -1551
568 -1562
572 -1573
576 -1584
580 -1595
584 -1606
588 -1617
592 -1628
596 -1639
600 -1650
604 -1661
608 -1672
612 -1683
616 -1694
620 -1705
624 -1716
628 -1727
632 -1738
636 -1749
640 -1760
644 -1771
648 -1782
652 -1793
656 -1804
660 -1815
664 -1826
668 -1837
672 -1848
676 -1859
680 -1870
684 -1881
688 -1892
692 -1903
696 -1914
700 -1925
704 -1936
708 -1947
712 -1958
716 -1969
720 -1980
724 -1991
728 -2002
732 -2013
736 -2024
740 -2035
744 -2046
748 -2057
752 -2068
756 -2079
760 -2090
764 -2101
768 -2112
772 -2123
776 -2134
780 -2145
784 -2156
788 -2167
792 -2178
796 -2189
800 -2200
804 -2211
808 -2222
812 -2233
816 -2244
820 -2255
824 -2266
828 -2277
832 -2288
836 -2299
840 -2310
844 -2321
848 -2332
852 -2343
856 -2354
860 -2365
864 -2376
868 -2387
872 -2398
876 -2409
880 -2420
884 -2431
888 -2442
892 -2453
896 -2464
900 -2475
904 -2486
908 -2497
912 -2508
916 -2519
920 -2530
924 -2541
928 -2552
932 -2563
936 -2574
940 -2585
944 -2596
948 -2607
952 -2618
956 -2629
960 -2640
964 -2651
968 -2662
972 -2673
976 -2684
980 -2695
984 -2706
988 -2717
992 -2728
996 -2739
1000 -2750
1004 -2761
1008 -2772
1012 -2783
1016 -2794
1020 -2805
1024 -2816
1028 -2827
1032 -2838
1036 -2849
1040 -2860
1044 -2871
1048 -2882
1052 -2893
1056 -2904
1060 -2915
1064 -2926
1068 -2937
1072 -2948
1076 -2959
1080 -2970
1084 -2981
1088 -2992
1092 -3003
1096 -3014
1100 -3025
1104 -3036
1108 -3047
1112 -3058
1116 -3069
1120 -3080
1124 -3091
1128 -3102
1132 -3113
1136 -3124
1140 -3135
1144 -3146
1148 -3157
1152 -3168
1156 -3179
1160 -3190
1164 -3201
1168 -3212
1172 -3223
1176 -3234
1180 -3245
1184 -3256
1188 -3267
1192 -3278
1196 -3289
1200 -3300
1204 -3311
1208 -3322
1212 -3333
1216 -3344
1220 -3355
1224 -3366
1228 -3377
1232 -3388
1236 -3399
1240 -3410
1244 -3421
1248 -3432
1252 -3443
1256 -3454
1260 -3465
1264 -3476
1268 -3487
1272 -3498
1276 -3509
1280 -3520
1284 -3531
1288 -3542
1292 -3553
1296 -3564
1300 -3575
1304 -3586
1308 -3597
1312 -3608
1316 -3619
1320 -3630
1324 -3641
1328 -3652
1332 -3663
1336 -3674
1340 -3685
1344 -3696
1348 -3707
1352 -3718
1356 -3729
1360 -3740
1364 -3751
1368 -3762
1372 -3773
1376 -3784
1380 -3795
1384 -3806
1388 -3817
1392 -3828
1396 -3839
1400 -3850
1404 -3861
1408 -3872
1412 -3883
1416 -3894
1420 -3905
1424 -3916
1428 -3927
1432 -3938
1436 -3949
1440 -3960
1444 -3971
1448 -3982
1452 -3993
1456 -4004
1460 -4015
1464 -4026
1468 -4037
1472 -4048
1476 -4059
1480 -4070
1484 -4081
1488 -4092
1492 -4103
1496 -4114
1500 -4125
1504 -4136
1508 -4147
1512 -4158
1516 -4169
1520 -4180
1524 -4191
1528 -4202
1532 -4213
1536 -4224
1540 -4235
1544 -4246
1548 -4257
1552 -4268
1556 -4279
1560 -4290
1564 -4301
1568 -4312
1572 -4323
1576 -4334
1580 -4345
1584 -4356
1588 -4367
1592 -4378
1596 -4389
1600 -4400
1604 -4411
1608 -4422
1612 -4433
1616 -4444
1620 -4455
1624 -4466
1628 -4477
1632 -4488
1636 -4499
1640 -4510
1644 -4521
1648 -4532
1652 -4543
1656 -4554
1660 -4565
1664 -4576
1668 -4587
1672 -4598
1676 -4609
1680 -4620
1684 -4631
1688 -4642
1692 -4653
1696 -4664
1700 -4675
1704 -4686
1708 -4697
1712 -4708
1716 -4719
1720 -4730
1724 -4741
1728 -4752
1732 -4763
1736 -4774
1740 -4785
1744 -4796
1748 -4807
1752 -4818
1756 -4829
1760 -4840
1764 -4851
1768 -4862
1772 -4873
1776 -4884
1780 -4895
1784 -4906
1788 -4917
1792 -4928
1796 -4939
1800 -4950
1804 -4961
1808 -4972
1812 -4983
1816 -4994
1820 -5005
1824 -5016
1828 -5027
1832 -5038
1836 -5049
1840 -5060
1844 -5071
1848 -5082
1852 -5093
1856 -5104
1860 -5115
1864 -5126
1868 -5137
1872 -5148
1876 -5159
1880 -5170
1884 -5181
1888 -5192
1892 -5203
1896 -5214
1900 -5225
1904 -5236
1908 -5247
1912 -5258
1916 -5269
1920 -5280
1924 -5291
1928 -5302
1932 -5313
1936 -5324
1940 -5335
1944 -5346
1948 -5357
1952 -5368
1956 -5379
1960 -5390
1964 -5401
1968 -5412
1972 -5423
1976 -5434
1980 -5445
1984 -5456
1988 -5467
1992 -5478
1996 -5489
2000 -5500
1301
-3200 8801
-3196 8789
-3192 8778
-3188 8767
-3184 8756
-3180 8745
-3176 8734
-3172 8723
-3168 8712
-3164 8701
-3160 8690
-3156 8679
-3152 8668
-3148 8657
-3144 8646
-3140 8635
-3136 8624
-3132 8613
-3128 8602
-3124 8591
-3120 8580
-3116 8569
-3112 8558
-3108 8547
-3104 8536
-3100 8525
-3096 8514
-3092 8503
-3088 8492
-3084 8481
-3080 8470
-3076 8459
-3072 8448
-3068 8437
-3064 8426
-3060 8415
-3056 8404
-3052 8393
-3048 8382
-3044 8371
-3040 8360
-3036 8349
-3032 8338
-3028 8327
-3024 8316
-3020 8305
-3016 8294
-3012 8283
-3008 8272
-3004 8261
-3000 8250
-2996 8239
-2992 8228
-2988 8217
-2984 8206
-2980 8195
-2976 8184
-2972 8173
-2968 8162
-2964 8151
-2960 8140
-2956 8129
-2952 8118
-2948 8107
-2944 8096
-2940 8085
-2936 8074
-2932 8063
-2928 8052
-2924 8041
-2920 8030
-2916 8019
-2912 8008
-2908 7997
-2904 7986
-2900 7975
-2896 7964
-2892 7953
-2888 7942
-2884 7931
-2880 7920
-2876 7909
-2872 7898
-2868 7887
-2864 7876
-2860 7865
-2856 7854
-2852 7843
-2848 7832
-2844 7821
-2840 7810
-2836 7799
-2832 7788
-2828 7777
-2824 7766
-2820 7755
-2816 7744
-2812 7733
-2808 7722
-2804 7711
-2800 7700
-2796 7689
-2792 7678
-2788 7667
-2784 7656
-2780 7645
-2776 7634
-2772 7623
-2768 7612
-2764 7601
-2760 7590
-2756 7579
-2752 7568
-2748 7557
-2744 7546
-2740 7535
-2736 7524
-2732 7513
-2728 7502
-2724 7491
-2720 7480
-2716 7469
-2712 7458
-2708 7447
-2704 7436
-2700 7425
-2696 7414
-2692 7403
-2688 7392
-2684 7381
-2680 7370
-2676 7359
-2672 7348
-2668 7337
-2664 7326
-2660 7315
-2656 7304
-2652 7293
-2648 7282
-2644 7271
-2640 7260
-2636 7249
-2632 7238
-2628 7227
-2624 7216
-2620 7205
-2616 7194
-2612 7183
-2608 7172
-2604 7161
-2600 7150
-2596 7139
-2592 7128
-2588 7117
-2584 7106
-2580 7095
-2576 7084
-2572 7073
-2568 7062
-2564 7051
-2560 7040
-2556 7029
-2552 7018
-2548 7007
-2544 6996
-2540 6985
-2536 6974
-2532 6963
-2528 6952
-2524 6941
-2520 6930
-2516 6919
-2512 6908
-2508 6897
-2504 6886
-2500 6875
-2496 6864
-2492 6853
-2488 6842
-2484 6831
-2480 6820
-2476 6809
-2472 6798
-2468 6787
-2464 6776
-2460 6765
-2456 6754
-2452 6743
-2448 6732
-2444 6721
-2440 6710
-2436 6699
-2432 6688
-2428 6677
-2424 6666
-2420 6655
-2416 6644
-2412 6633
-2408 6622
-2404 6611
-2400 6600
-2396 6589
-2392 6578
-2388 6567
-2384 6556
-2380 6545
-2376 6534
-2372 6523
-2368 6512
-2364 6501
-2360 6490
-2356 6479
-2352 6468
-2348 6457
-2344 6446
-2340 6435
-2336 6424
-2332 6413
-2328 6402
-2324 6391
-2320 6380
-2316 6369
-2312 6358
-2308 6347
-2304 6336
-2300 6325
-2296 6314
-2292 6303
-2288 6292
-2284 6281
-2280 6270
-2276 6259
-2272 6248
-2268 6237
-2264 6226
-2260 6215
-2256 6204
-2252 6193
-2248 6182
-2244 6171
-2240 6160
-2236 6149
-2232 6138
-2228 6127
-2224 6116
-2220 6105
-2216 6094
-2212 6083
-2208 6072
-2204 6061
-2200 6050
-2196 6039
-2192 6028
-2188 6017
-2184 6006
-2180 5995
-2176 5984
-2172 5973
-2168 5962
-2164 5951
-2160 5940
-2156 5929
-2152 5918
-2148 5907
-2144 5896
-2140 5885
-2136 5874
-2132 5863
-2128 5852
-2124 5841
-2120 5830
-2116 5819
-2112 5808
-2108 5797
-2104 5786
-2100 5775
-2096 5764
-2092 5753
-2088 5742
-2084 5731
-2080 5720
-2076 5709
-2072 5698
-2068 5687
-2064 5676
-2060 5665
-2056 5654
-2052 5643
-2048 5632
-2044 5621
-2040 5610
-2036 5599
-2032 5588
-2028 5577
-2024 5566
-2020 5555
-2016 5544
-2012 5533
-2008 5522
-2004 5511
-2000 5500
-1996 5489
-1992 5478
-1988 5467
-1984 5456
-1980 5445
-1976 5434
-1972 5423
-1968 5412
-1964 5401
-1960 5390
-1956 5379
-1952 5368
-1948 5357
-1944 5346
-1940 5335
-1936 5324
-1932 5313
-1928 5302
-1924 5291
-1920 5280
-1916 5269
-1912 5258
-1908 5247
-1904 5236
-1900 5225
-1896 5214
-1892 5203
-1888 5192
-1884 5181
-1880 5170
-1876 5159
-1872 5148
-1868 5137
-1864 5126
-1860 5115
-1856 5104
-1852 5093
-1848 5082
-1844 5071
-1840 5060
-1836 5049
-1832 5038
-1828 5027
-1824 5016
-1820 5005
-1816 4994
-1812 4983
-1808 4972
-1804 4961
-1800 4950
-1796 4939
-1792 4928
-1788 4917
-1784 4906
-1780 4895
-1776 4884
-1772 4873
-1768 4862
-1764 4851
-1760 4840
-1756 4829
-1752 4818
-1748 4807
-1744 4796
-1740 4785
-1736 4774
-1732 4763
-1728 4752
-1724 4741
-1720 4730
-1716 4719
-1712 4708
-1708 4697
-1704 4686
-1700 4675
-1696 4664
-1692 4653
-1688 4642
-1684 4631
-1680 4620
-1676 4609
-1672 4598
-1668 4587
-1664 4576
-1660 4565
-1656 4554
-1652 4543
-1648 4532
-1644 4521
-1640 4510
-1636 4499
-1632 4488
-1628 4477
-1624 4466
-1620 4455
-1616 4444
-1612 4433
-1608 4422
-1604 4411
-1600 4400
-1596 4389
-1592 4378
-1588 4367
-1584 4356
-1580 4345
-1576 4334
-1572 4323
-1568 4312
-1564 4301
-1560 4290
-1556 4279
-1552 4268
-1548 4257
-1544 4246
-1540 4235
-1536 4224
-1532 4213
-1528 4202
-1524 4191
-1520 4180
-1516 4169
-1512 4158
-1508 4147
-1504 4136
-1500 4125
-1496 4114
-1492 4103
-1488 4092
-1484 4081
-1480 4070
-1476 4059
-1472 4048
-1468 4037
-1464 4026
-1460 4015
-1456 4004
-1452 3993
-1448 3982
-1444 3971
-1440 3960
-1436 3949
-1432 3938
-1428 3927
-1424 3916
-1420 3905
-1416 3894
-1412 3883
-1408 3872
-1404 3861
-1400 3850
-1396 3839
-1392 3828
-1388 3817
-1384 3806
-1380 3795
-1376 3784
-1372 3773
-1368 3762
-1364 3751
-1360 3740
-1356 3729
-1352 3718
-1348 3707
-1344 3696
-1340 3685
-1336 3674
-1332 3663
-1328 3652
-1324 3641
-1320 3630
-1316 3619
-1312 3608
-1308 3597
-1304 3586
-1300 3575
-1296 3564
-1292 3553
-1288 3542
-1284 3531
-1280 3520
-1276 3509
-1272 3498
-1268 3487
-1264 3476
-1260 3465
-1256 3454
-1252 3443
-1248 3432
-1244 3421
-1240 3410
-1236 3399
-1232 3388
-1228 3377
-1224 3366
-1220 3355
-1216 3344
-1212 3333
-1208 3322
-1204 3311
-1200 3300
-1196 3289
-1192 3278
-1188 3267
-1184 3256
-1180 3245
-1176 3234
-1172 3223
-1168 3212
-1164 3201
-1160 3190
-1156 3179
-1152 3168
-1148 3157
-1144 3146
-1140 3135
-1136 3124
-1132 3113
-1128 3102
-1124 3091
-1120 3080
-1116 3069
-1112 3058
-1108 3047
-1104 3036
-1100 3025
-1096 3014
-1092 3003
-1088 2992
-1084 2981
-1080 2970
-1076 2959
-1072 2948
-1068 2937
-1064 2926
-1060 2915
-1056 2904
-1052 2893
-1048 2882
-1044 2871
-1040 2860
-1036 2849
-1032 2838
-1028 2827
-1024 2816
-1020 2805
-1016 2794
-1012 2783
-1008 2772
-1004 2761
-1000 2750
-996 2739
-992 2728
-988 2717
-984 2706
-980 2695
-976 2684
-972 2673
-968 2662
-964 2651
-960 2640
-956 2629
-952 2618
-948 2607
-944 2596
-940 2585
-936 2574
-932 2563
-928 2552
-924 2541
-920 2530
-916 2519
-912 2508
-908 2497
-904 2486
-900 2475
-896 2464
-892 2453
-888 2442
-884 2431
-880 2420
-876 2409
-872 2398
-868 2387
-864 2376
-860 2365
-856 2354
-852 2343
-848 2332
-844 2321
-840 2310
-836 2299
-832 2288
-828 2277
-824 2266
-820 2255
-816 2244
-812 2233
-808 2222
-804 2211
-800 2200
-796 2189
-792 2178
-788 2167
-784 2156
-780 2145
-776 2134
-772 2123
-768 2112
-764 2101
-760 2090
-756 2079
-752 2068
-748 2057
-744 2046
-740 2035
-736 2024
-732 2013
-728 2002
-724 1991
-720 1980
-716 1969
-712 1958
-708 1947
-704 1936
-700 1925
-696 1914
-692 1903
-688 1892
-684 1881
-680 1870
-676 1859
-672 1848
-668 1837
-664 1826
-660 1815
-656 1804
-652 1793
-648 1782
-644 1771
-640 1760
-636 1749
-632 1738
-628 1727
-624 1716
-620 1705
-616 1694
-612 1683
-608 1672
-604 1661
-600 1650
-596 1639
-592 1628
-588 1617
-584 1606
-580 1595
-576 1584
-572 1573
-568 1562
-564 1551
-560 1540
-556 1529
-552 1518
-548 1507
-544 1496
-540 1485
-536 1474
-532 1463
-528 1452
-524 1441
-520 1430
-516 1419
-512 1408
-508 1397
-504 1386
-500 1375
-496 1364
-492 1353
-488 1342
-484 1331
-480 1320
-476 1309
-472 1298
-468 1287
-464 1276
-460 1265
-456 1254
-452 1243
-448 1232
-444 1221
-440 1210
-436 1199
-432 1188
-428 1177
-424 1166
-420 1155
-416 1144
-412 1133
-408 1122
-404 1111
-400 1100
-396 1089
-392 1078
-388 1067
-384 1056
-380 1045
-376 1034
-372 1023
-368 1012
-364 1001
-360 990
-356 979
-352 968
-348 957
-344 946
-340 935
-336 924
-332 913
-328 902
-324 891
-320 880
-316 869
-312 858
-308 847
-304 836
-300 825
-296 814
-292 803
-288 792
-284 781
-280 770
-276 759
-272 748
-268 737
-264 726
-260 715
-256 704
-252 693
-248 682
-244 671
-240 660
-236 649
-232 638
-228 627
-224 616
-220 605
-216 594
-212 583
-208 572
-204 561
-200 550
-196 539
-192 528
-188 517
-184 506
-180 495
-176 484
-172 473
-168 462
-164 451
-160 440
-156 429
-152 418
-148 407
-144 396
-140 385
-136 374
-132 363
-128 352
-124 341
-120 330
-116 319
-112 308
-108 297
-104 286
-100 275
-96 264
-92 253
-88 242
-84 231
-80 220
-76 209
-72 198
-68 187
-64 176
-60 165
-56 154
-52 143
-48 132
-44 121
-40 110
-36 99
-32 88
-28 77
-24 66
-20 55
-16 44
-12 33
-8 22
-4 11
0 0
4 -11
8 -22
12 -33
16 -44
20 -55
24 -66
28 -77
32 -88
36 -99
40 -110
44 -121
48 -132
52 -143
56 -154
60 -165
64 -176
68 -187
72 -198
76 -209
80 -220
84 -231
88 -242
92 -253
96 -264
100 -275
104 -286
108 -297
112 -308
116 -319
120 -330
124 -341
128 -352
132 -363
136 -374
140 -385
144 -396
148 -407
152 -418
156 -429
160 -440
164 -451
168 -462
172 -473
176 -484
180 -495
184 -506
188 -517
192 -528
196 -539
200 -550
204 -561
208 -572
212 -583
216 -594
220 -605
224 -616
228 -627
232 -638
236 -649
240 -660
244 -671
248 -682
252 -693
256 -704
260 -715
264 -726
268 -737
272 -748
276 -759
280 -770
284 -781
288 -792
292 -803
296 -814
300 -825
304 -836
308 -847
312 -858
316 -869
320 -880
324 -891
328 -902
332 -913
336 -924
340 -935
344 -946
348 -957
352 -968
356 -979
360 -990
364 -1001
368 -1012
372 -1023
376 -1034
380 -1045
384 -1056
388 -1067
392 -1078
396 -1089
400 -1100
404 -1111
408 -1122
412 -1133
416 -1144
420 -1155
424 -1166
428 -1177
432 -1188
436 -1199
440 -1210
444 -1221
448 -1232
452 -1243
456 -1254
460 -1265
464 -1276
468 -1287
472 -1298
476 -1309
480 -1320
484 -1331
488 -1342
492 -1353
496 -1364
500 -1375
504 -1386
508 -1397
512 -1408
516 -1419
520 -1430
524 -1441
528 -1452
532 -1463
536 -1474
540 -1485
544 -1496
548 -1507
552 -1518
556 -1529
560 -1540
564 -1551
568 -1562
572 -1573
576 -1584
580 -1595
584 -1606
588 -1617
592 -1628
596 -1639
600 -1650
604 -1661
608 -1672
612 -1683
616 -1694
620 -1705
624 -1716
628 -1727
632 -1738
636 -1749
640 -1760
644 -1771
648 -1782
652 -1793
656 -1804
660 -1815
664 -1826
668 -1837
672 -1848
676 -1859
680 -1870
684 -1881
688 -1892
692 -1903
696 -1914
700 -1925
704 -1936
708 -1947
712 -1958
716 -1969
720 -1980
724 -1991
728 -2002
732 -2013
736 -2024
740 -2035
744 -2046
748 -2057
752 -2068
756 -2079
760 -2090
764 -2101
768 -2112
772 -2123
776 -2134
780 -2145
784 -2156
788 -2167
792 -2178
796 -2189
800 -2200
804 -2211
808 -2222
812 -2233
816 -2244
820 -2255
824 -2266
828 -2277
832 -2288
836 -2299
840 -2310
844 -2321
848 -2332
852 -2343
856 -2354
860 -2365
864 -2376
868 -2387
872 -2398
876 -2409
880 -2420
884 -2431
888 -2442
892 -2453
896 -2464
900 -2475
904 -2486
908 -2497
912 -2508
916 -2519
920 -2530
924 -2541
928 -2552
932 -2563
936 -2574
940 -2585
944 -2596
948 -2607
952 -2618
956 -2629
960 -2640
964 -2651
968 -2662
972 -2673
976 -2684
980 -2695
984 -2706
988 -2717
992 -2728
996 -2739
1000 -2750
1004 -2761
1008 -2772
1012 -2783
1016 -2794
1020 -2805
1024 -2816
1028 -2827
1032 -2838
1036 -2849
1040 -2860
1044 -2871
1048 -2882
1052 -2893
1056 -2904
1060 -2915
1064 -2926
1068 -2937
1072 -2948
1076 -2959
1080 -2970
1084 -2981
1088 -2992
1092 -3003
1096 -3014
1100 -3025
1104 -3036
1108 -3047
1112 -3058
1116 -3069
1120 -3080
1124 -3091
1128 -3102
1132 -3113
1136 -3124
1140 -3135
1144 -3146
1148 -3157
1152 -3168
1156 -3179
1160 -3190
1164 -3201
1168 -3212
1172 -3223
1176 -3234
1180 -3245
1184 -3256
1188 -3267
1192 -3278
1196 -3289
1200 -3300
1204 -3311
1208 -3322
1212 -3333
1216 -3344
1220 -3355
1224 -3366
1228 -3377
1232 -3388
1236 -3399
1240 -3410
1244 -3421
1248 -3432
1252 -3443
1256 -3454
1260 -3465
1264 -3476
1268 -3487
1272 -3498
1276 -3509
1280 -3520
1284 -3531
1288 -3542
1292 -3553
1296 -3564
1300 -3575
1304 -3586
1308 -3597
1312 -3608
1316 -3619
1320 -3630
1324 -3641
1328 -3652
1332 -3663
1336 -3674
1340 -3685
1344 -3696
1348 -3707
1352 -3718
1356 -3729
1360 -3740
1364 -3751
1368 -3762
1372 -3773
1376 -3784
1380 -3795
1384 -3806
1388 -3817
1392 -3828
1396 -3839
1400 -3850
1404 -3861
1408 -3872
1412 -3883
1416 -3894
1420 -3905
1424 -3916
1428 -3927
1432 -3938
1436 -3949
1440 -3960
1444 -3971
1448 -3982
1452 -3993
1456 -4004
1460 -4015
1464 -4026
1468 -4037
1472 -4048
1476 -4059
1480 -4070
1484 -4081
1488 -4092
1492 -4103
1496 -4114
1500 -4125
1504 -4136
1508 -4147
1512 -4158
1516 -4169
1520 -4180
1524 -4191
1528 -4202
1532 -4213
1536 -4224
1540 -4235
1544 -4246
1548 -4257
1552 -4268
1556 -4279
1560 -4290
1564 -4301
1568 -4312
1572 -4323
1576 -4334
1580 -4345
1584 -4356
1588 -4367
1592 -4378
1596 -4389
1600 -4400
1604 -4411
1608 -4422
1612 -4433
1616 -4444
1620 -4455
1624 -4466
1628 -4477
1632 -4488
1636 -4499
1640 -4510
1644 -4521
1648 -4532
1652 -4543
1656 -4554
1660 -4565
1664 -4576
1668 -4587
1672 -4598
1676 -4609
1680 -4620
1684 -4631
1688 -4642
1692 -4653
1696 -4664
1700 -4675
1704 -4686
1708 -4697
1712 -4708
1716 -4719
1720 -4730
1724 -4741
1728 -4752
1732 -4763
1736 -4774
1740 -4785
1744 -4796
1748 -4807
1752 -4818
1756 -4829
1760 -4840
1764 -4851
1768 -4862
1772 -4873
1776 -4884
1780 -4895
1784 -4906
1788 -4917
1792 -4928
1796 -4939
1800 -4950
1804 -4961
1808 -4972
1812 -4983
1816 -4994
1820 -5005
1824 -5016
1828 -5027
1832 -5038
1836 -5049
1840 -5060
1844 -5071
1848 -5082
1852 -5093
1856 -5104
1860 -5115
1864 -5126
1868 -5137
1872 -5148
1876 -5159
1880 -5170
1884 -5181
1888 -5192
1892 -5203
1896 -5214
1900 -5225
1904 -5236
1908 -5247
1912 -5258
1916 -5269
1920 -5280
1924 -5291
1928 -5302
1932 -5313
1936 -5324
1940 -5335
1944 -5346
1948 -5357
1952 -5368
1956 -5379
1960 -5390
1964 -5401
1968 -5412
1972 -5423
1976 -5434
1980 -5445
1984 -5456
1988 -5467
1992 -5478
1996 -5489
2000 -5501
