500 200 2000
179
440
250
145
227
106
335
293
216
3
485
137
252
27
439
110
423
455
321
99
164
164
331
410
68
288
84
482
303
30
187
392
431
342
153
257
394
484
366
360
286
469
234
155
422
159
66
159
346
350
398
11
186
23
129
203
35
128
380
409
325
349
64
276
176
316
101
464
156
490
171
35
12
93
334
218
162
451
242
267
479
385
245
179
409
367
131
463
285
342
355
461
388
51
330
197
246
318
208
229
99
106
71
478
309
451
263
81
233
125
440
312
93
208
109
425
439
289
220
387
95
370
330
182
63
52
341
96
270
60
165
190
442
92
419
1
5
296
387
129
417
207
382
171
453
363
376
253
252
260
84
298
108
477
82
244
318
164
256
41
251
498
415
461
370
322
441
87
49
430
460
490
270
344
329
99
453
174
245
464
175
420
462
193
356
49
253
42
354
248
405
147
197
192
48
330
173
254
58
25
460
179
268
252
227
364
105
125
384
110
195
130
256
13
464
248
476
184
220
293
434
314
219
59
438
327
3
110
291
318
250
71
443
450
72
118
296
263
378
429
416
369
280
435
28
383
80
135
232
441
76
169
11
452
105
337
3
10
423
117
15
224
113
489
317
367
156
197
158
394
392
91
13
121
202
146
138
223
448
473
483
437
147
313
252
497
297
356
242
201
221
211
33
195
175
338
358
59
304
445
301
227
367
262
243
290
390
321
115
175
302
291
437
162
274
98
1
261
445
453
218
56
418
460
6
220
460
102
115
100
24
69
127
188
243
475
476
494
21
133
58
257
260
381
187
130
161
239
355
461
362
44
32
112
100
323
154
173
43
43
184
48
432
2
170
4
196
430
377
178
449
257
247
40
408
194
16
408
352
410
186
124
476
245
35
403
184
212
135
212
26
347
68
130
204
476
194
272
261
110
88
67
7
347
59
313
7
151
132
84
491
201
465
21
96
127
264
187
410
173
468
320
108
171
235
294
356
198
326
218
416
392
229
108
215
248
246
374
145
28
248
226
381
212
360
358
300
303
246
319
198
16
142
273
336
454
386
72
144
301
275
388
272
104
114
45
457
319
130
85
110
220
304
394
164
85
191
375
97
168
286
387
408
174
395
31
292
258
220
489
4
145
323
60
380
1
466
50
337
5
90
245
242
252
183
109
15
66
128
182
491
132
163
228
336
318
167
271
270
185
414
295
347
429
33
256
278
264
94
68
179
210
355
70
77
220
317
81
458
448
296
169
318
416
481
168
270
385
245
403
100
179
435
448
103
318
83
304
88
269
273
345
139
382
128
152
51
423
51
4
432
50
61
370
306
263
73
421
350
183
21
129
52
45
135
375
486
40
57
174
79
299
240
431
44
452
354
163
452
482
288
489
143
45
347
447
410
239
167
494
44
108
408
256
484
71
87
76
54
55
64
120
444
56
317
469
400
189
415
188
296
321
469
105
409
425
373
487
40
433
465
371
443
19
69
40
462
45
466
452
41
446
263
136
77
193
68
279
382
200
263
206
366
364
429
14
451
262
383
131
51
289
253
284
461
205
21
386
91
370
173
485
409
366
134
24
147
89
412
414
345
211
473
301
304
234
76
382
370
375
250
437
147
46
7
422
164
430
51
500
295
487
99
377
388
374
262
135
98
450
89
336
67
492
269
73
297
252
227
252
60
257
117
15
115
173
382
463
394
409
76
112
126
4
349
351
167
252
383
118
74
5
368
375
326
475
12
258
328
41
290
60
342
427
257
432
157
138
287
293
41
3
183
429
260
409
194
263
154
309
124
419
247
6
320
46
28
82
345
257
167
475
300
70
392
211
165
444
155
377
21
423
95
224
360
155
141
485
35
442
209
252
169
392
281
8
382
497
71
243
321
156
472
200
69
479
378
95
33
419
466
89
488
133
74
391
224
346
201
216
395
462
240
287
455
332
172
492
225
125
488
206
19
253
456
116
58
445
124
155
186
390
323
158
425
312
219
237
62
183
64
116
294
53
183
271
137
467
464
286
213
252
284
73
239
391
156
244
30
410
378
9
119
43
104
306
283
86
242
154
267
248
277
167
433
366
398
360
299
397
100
241
15
372
205
194
434
211
438
336
321
217
436
451
449
44
470
323
315
497
164
381
22
147
442
258
63
253
117
389
146
66
326
266
475
84
384
146
232
155
287
160
88
474
446
477
452
204
149
450
256
372
471
328
500
107
310
496
105
446
404
467
218
379
33
213
256
184
473
28
7
197
215
464
447
206
380
129
342
459
97
355
155
475
84
84
156
213
280
43
130
218
463
146
118
359
68
361
430
240
452
45
114
348
238
199
81
319
58
257
345
394
198
329
71
411
434
116
134
115
202
333
171
247
357
438
430
154
49
187
214
152
225
445
278
180
168
109
78
407
227
26
329
23
304
337
256
114
475
10
399
151
102
154
315
187
272
494
459
436
318
75
499
141
144
404
374
137
13
248
47
113
389
131
341
408
55
270
67
146
14
179
415
396
29
263
94
389
338
303
44
37
296
176
249
74
256
373
179
159
293
82
179
497
334
93
149
260
123
326
435
438
295
463
292
358
464
24
201
57
169
44
162
26
228
43
413
279
175
81
371
243
439
240
127
123
288
408
474
91
20
191
437
378
386
173
77
441
97
93
64
244
247
50
452
54
256
208
431
472
300
423
378
328
269
189
158
12
97
392
164
114
301
129
352
218
18
74
427
153
237
309
106
200
58
49
367
69
149
147
342
202
358
281
51
386
142
430
408
150
362
144
113
391
224
290
165
223
421
281
309
299
152
281
299
455
336
257
466
147
175
419
66
311
303
101
490
309
397
135
238
179
376
33
492
432
368
284
251
195
173
280
388
5
150
121
292
36
366
301
185
12
406
497
472
177
337
239
124
137
324
76
308
38
433
374
270
24
140
303
418
100
248
289
378
61
99
261
184
495
304
110
353
184
382
36
351
115
218
69
204
343
205
80
476
140
338
193
493
355
322
17
243
493
484
288
67
167
179
464
323
208
214
147
481
44
103
22
244
1
496
289
107
442
182
392
161
179
307
32
33
113
444
492
134
35
322
223
369
177
414
86
258
32
133
66
250
291
305
277
494
179
272
304
484
353
193
8
316
293
92
159
433
111
491
265
342
356
327
480
375
424
228
345
89
14
63
77
219
445
388
181
469
222
478
137
459
395
399
3
184
96
285
472
117
379
339
107
151
466
141
96
174
189
297
71
262
486
340
332
321
158
419
92
262
49
343
241
341
485
313
474
418
54
410
413
178
287
201
211
289
127
29
138
457
27
148
201
328
324
482
293
439
483
468
360
241
7
141
268
350
16
73
245
188
259
39
78
59
366
3
89
386
45
283
415
9
370
27
18
209
204
488
318
81
286
26
289
321
194
305
13
93
133
292
63
50
325
271
13
261
432
154
461
371
256
343
247
20
46
412
160
5
406
74
36
28
21
64
461
146
130
211
385
342
251
406
77
91
314
276
60
203
46
410
166
426
214
25
114
82
164
329
161
436
207
195
206
467
415
52
106
129
133
459
4
2
442
255
7
23
244
25
64
30
266
251
473
355
308
169
459
258
350
100
485
107
358
141
133
355
88
132
349
321
481
60
350
348
222
275
204
131
105
317
348
361
186
385
346
361
19
343
199
436
90
103
237
262
63
319
477
195
417
273
45
458
65
60
494
156
436
253
89
378
36
74
277
192
437
95
4
176
6
210
241
85
35
188
281
428
374
436
69
228
476
196
175
258
357
266
293
255
198
207
210
421
178
218
375
96
35
483
140
429
481
412
450
136
445
328
249
73
420
305
115
381
163
467
91
490
157
457
247
249
54
68
67
27
369
247
109
488
336
136
90
151
449
144
218
362
149
151
80
202
299
259
172
415
53
31
500
96
333
259
427
209
23
252
131
276
351
207
101
169
261
481
401
18
344
189
209
22
473
205
331
58
193
360
79
137
98
60
80
91
306
303
338
339
445
70
99
133
215
191
45
6
437
328
86
367
500
217
78
229
131
443
14
246
29
313
82
203
218
118
409
148
399
88
180
116
68
488
494
486
201
27
133
124
408
204
389
422
228
94
146
478
346
363
93
233
459
130
422
174
266
53
215
178
432
271
452
343
157
364
142
265
245
388
362
238
458
220
225
466
260
485
201
401
154
313
71
96
135
324
179
481
216
305
403
154
429
233
35
173
379
39
437
461
187
264
252
125
399
329
463
299
404
131
30
19
459
347
188
258
410
349
408
85
466
222
5
63
206
320
325
401
106
226
379
259
100
384
123
448
219
64
67
458
120
398
247
143
342
364
154
343
211
218
494
293
415
448
297
102
364
489
425
459
2
35
490
270
67
116
270
331
479
31
304
218
269
127
389
314
158
240
379
176
190
363
293
10
464
470
334
86
221
244
488
200
487
483
144
303
304
283
86
371
490
39
268
160
406
434
295
467
387
198
248
152
251
171
136
495
487
418
421
31
351
462
86
248
29
478
361
424
127
407
467
311
468
488
273
215
415
83
179
23
461
464
20
224
22
224
156
184
358
451
210
