100
-18 82
-54 12
47 -22
-14 -46
-54 -92
45 -36
19 68
65 -78
-26 26
85 88
-14 58
-8 -56
-40 -72
94 -44
-54 -92
26 52
-28 -92
-44 -74
74 -28
70 -56
4 -24
-97 62
-49 -96
-60 -4
-78 -52
13 -78
-16 44
93 -90
53 -6
54 -12
18 -30
50 64
-52 78
-40 84
49 70
-67 90
65 -52
-34 -56
61 -80
42 34
84 -36
51 6
-92 58
-96 4
-1 -72
84 -10
-85 42
12 32
-3 70
19 94
-8 22
-68 96
-34 74
8 56
99 -48
-81 -8
-8 -82
19 -36
39 78
-3 96
5 48
90 -46
-42 -86
-84 -16
-38 -58
54 -12
70 100
78 52
12 -98
12 -46
57 48
-25 -32
-15 -66
-82 76
38 84
-40 84
-79 6
-84 36
-11 14
62 44
-42 70
49 70
85 -16
-63 -64
-83 -22
-50 -38
-59 94
86 -48
48 -28
38 -72
32 42
-9 -50
-14 -46
76 -14
-80 -14
19 -36
71 -88
-15 12
84 68
22 -80
