80
90 -6
-17 -21
85 -57
60 18
55 27
67 51
-16 -84
13 87
-99 -99
-42 48
-50 -18
10 84
65 45
39 -51
94 84
-67 -39
44 -60
46 -78
-85 51
-18 60
75 -93
92 66
-63 -27
-57 -57
26 -90
100 30
-64 12
-52 36
-30 96
20 -18
10 6
-72 78
71 -93
-59 9
-58 66
-41 81
43 -81
-12 24
-56 18
61 69
63 33
9 -87
36 18
2 -66
-26 -12
-68 -84
44 -66
-62 -78
-33 87
27 -99
-18 -42
77 -45
83 57
61 45
-34 -48
-26 -54
-44 60
-46 -84
-19 45
-42 84
11 87
-83 39
-55 45
38 6
52 -54
45 21
-30 84
51 -63
-17 9
7 93
-93 -33
-14 -18
-10 -54
86 84
-96 48
84 96
-63 -45
-76 -42
51 21
53 93
