90
-39 -19
-86 34
-32 16
23 -21
8 -28
92 4
95 63
54 78
78 -50
-70 -38
42 26
39 -37
58 26
8 -40
-23 81
-14 46
-90 -42
48 68
-32 -76
17 -23
92 -88
-80 12
-3 -71
-6 -14
56 -72
-40 24
58 -50
-32 -68
-42 -18
65 89
94 86
29 -7
7 -85
-87 65
-69 23
47 -77
70 94
-32 20
-78 98
-2 86
-80 -48
-54 -34
42 -38
11 -21
10 -70
86 -94
64 -12
-81 -21
23 -5
69 -75
78 -42
-45 47
16 -92
95 39
-51 85
-35 -11
-24 -96
-95 9
-90 98
7 39
52 100
22 -86
-33 -41
26 42
7 -61
81 49
-83 -71
76 -100
-3 -95
-57 23
-23 85
-16 -60
77 53
-15 81
-91 33
61 -91
97 -67
93 9
-3 37
72 52
69 -47
96 -68
66 -50
-68 60
-70 -14
-2 70
49 -55
34 -74
93 -95
-14 -90
