100
4
10 5 15 5
2
100 100
8
81 81 81 81 81 81 81 0
6
23 90 40 0 100 9
2
0 0
10
100 0 100 0 100 0 100 0 100 0
10
100 100 100 100 100 100 100 100 100 0
5
31 34 52 74 14
6
45 7 51 66 97 46
7
21 68 68 73 10 18 84
8
17 19 65 11 71 36 66 55
9
95 37 94 59 28 49 68 54 89
10
40 21 46 53 27 11 66 4 25 7
10
24 29 98 48 65 62 34 60 9 13
10
48 35 44 24 80 56 54 28 19 5
10
94 32 27 84 10 61 92 26 2 8
10
51 47 0 92 13 63 49 25 87 43
10
77 5 93 4 66 63 38 22 40 79
10
16 89 33 37 18 58 21 99 23 72
10
64 13 25 55 39 33 81 5 60 69
10
88 66 71 27 27 84 35 91 83 92
10
44 49 61 86 31 76 64 49 11 40
10
26 77 52 38 80 49 10 36 41 75
10
21 62 76 64 85 31 78 66 1 80
10
86 12 33 75 36 10 48 7 36 70
10
40 19 87 8 63 24 8 74 49 15
10
82 93 14 56 7 56 17 83 33 68
10
1 25 40 42 23 99 86 69 90 11
10
66 28 40 45 25 93 80 87 62 13
10
96 73 14 50 28 17 28 95 40 56
10
26 72 76 82 28 72 45 44 4 68
10
82 44 75 27 2 16 13 45 94 22
10
85 42 42 69 37 23 23 63 84 60
10
84 93 0 99 82 13 46 41 91 97
10
83 22 55 15 66 55 16 30 13 38
10
67 16 90 54 56 50 6 94 75 91
10
13 70 86 96 99 32 95 35 35 17
10
81 29 42 52 29 61 68 88 15 95
10
18 5 9 22 22 19 23 20 19 4
10
84 26 97 43 0 6 36 72 98 9
10
51 57 51 30 5 43 10 89 93 94
10
89 26 89 41 28 97 81 32 77 52
10
80 14 63 52 66 84 90 4 55 23
10
52 4 45 17 25 98 9 4 78 50
10
75 0 43 30 18 58 3 49 35 94
10
94 75 23 10 88 95 36 65 66 32
10
84 90 10 1 38 96 15 35 19 99
10
25 71 11 14 3 15 84 82 52 95
10
41 9 99 98 80 65 23 80 93 33
10
61 18 74 91 61 46 65 2 86 72
10
76 3 0 2 41 18 32 92 6 51
10
1 45 12 6 96 8 87 41 87 47
10
31 87 41 54 72 45 44 81 97 29
10
0 26 41 69 20 30 83 16 16 92
10
56 52 30 18 16 0 50 11 34 62
10
41 4 64 83 33 90 21 94 15 55
10
88 81 13 31 88 87 4 35 52 0
10
54 49 93 53 5 51 0 91 66 18
10
7 30 48 69 97 99 50 46 49 79
10
59 42 69 57 62 1 95 46 83 29
10
93 74 86 39 81 59 11 76 70 72
10
86 62 78 74 29 42 17 98 37 9
10
86 58 48 98 36 66 81 51 60 74
10
46 24 72 51 80 58 82 83 1 65
10
21 88 88 94 96 94 49 25 94 68
10
43 94 87 20 97 4 43 15 8 81
10
23 48 71 22 78 72 91 82 26 86
10
86 22 67 9 39 49 21 86 87 91
10
15 40 15 65 86 38 95 49 41 23
10
90 74 84 15 19 90 19 12 44 94
10
23 5 21 73 73 14 90 87 69 46
10
22 50 16 39 71 31 49 73 6 93
10
95 47 75 95 95 29 0 29 68 82
10
19 46 96 3 47 35 9 63 25 13
10
35 84 61 12 84 21 80 3 2 28
10
7 33 4 47 89 70 3 27 50 51
10
16 56 46 5 96 29 51 64 46 17
10
46 99 88 78 81 39 46 18 23 25
10
97 72 67 39 20 52 86 13 97 72
10
31 5 58 5 86 65 78 89 10 69
10
36 37 63 34 31 1 90 60 48 6
10
44 43 28 44 43 14 63 61 1 11
10
97 17 91 57 6 27 76 12 68 74
10
84 47 5 50 17 7 7 61 1 32
10
52 89 31 33 15 94 34 91 15 33
10
19 2 80 8 37 84 92 90 19 89
10
55 13 55 20 16 18 25 44 94 61
10
55 43 38 62 10 71 59 35 84 51
10
19 45 23 25 83 69 37 48 22 9
10
44 63 54 18 46 11 12 84 39 47
10
2 89 43 75 19 13 8 59 30 59
10
17 29 90 18 32 93 63 79 90 24
10
53 49 84 9 40 81 42 35 46 37
10
36 98 56 98 12 7 83 62 18 91
10
33 9 51 84 63 10 7 22 72 77
10
53 53 98 84 70 28 55 6 6 85
10
55 98 25 49 69 59 6 84 60 5
10
9 44 78 70 41 57 90 6 43 32
10
92 99 7 43 90 84 86 90 37 10
10
95 80 64 19 67 47 99 31 7 50
