100
4
10 5 15 5
2
100 100
8
81 81 81 81 81 81 81 0
6
23 90 40 0 100 9
2
0 0
10
100 0 100 0 100 0 100 0 100 0
10
100 100 100 100 100 100 100 100 100 0
5
20 35 91 60 58
6
91 86 76 42 36 6
7
45 3 38 86 94 88 91
8
44 69 90 90 78 60 8 45
9
76 0 52 59 88 24 91 68 22
10
41 42 18 65 96 47 48 88 78 74
10
85 49 45 57 7 47 3 96 75 33
10
33 68 47 50 62 27 99 12 73 64
10
50 21 65 58 60 90 9 25 53 11
10
2 66 7 81 48 76 43 61 92 0
10
8 81 69 28 78 85 27 49 40 73
10
32 78 69 57 78 39 55 96 77 99
10
36 92 41 6 39 4 92 54 82 1
10
49 31 98 89 59 63 60 58 14 88
10
71 95 49 52 62 41 90 79 13 31
10
69 30 99 93 27 82 18 19 56 24
10
38 81 27 6 72 35 62 20 62 10
10
3 44 6 59 76 10 4 73 83 89
10
6 77 40 15 11 7 5 85 99 75
10
57 21 57 74 96 61 73 43 57 61
10
79 99 16 74 51 73 76 45 62 3
10
93 81 62 80 1 14 20 36 38 40
10
3 42 6 55 88 95 53 55 95 56
10
12 50 43 43 89 56 27 93 3 80
10
44 99 93 21 12 61 6 5 82 30
10
14 16 19 13 58 40 59 61 0 57
10
23 71 9 92 45 72 71 91 8 37
10
86 89 50 38 71 76 91 32 61 67
10
44 58 99 61 16 83 61 24 45 84
10
76 40 71 92 34 15 27 8 28 14
10
62 86 73 49 61 67 79 66 96 9
10
69 36 32 21 23 73 63 31 59 14
10
73 67 50 41 7 24 46 40 9 7
10
3 92 26 24 88 69 25 25 90 9
10
53 24 5 89 81 86 48 28 92 3
10
50 44 65 28 31 77 8 31 88 41
10
45 17 54 77 76 17 41 14 31 41
10
10 1 42 54 81 51 17 7 91 20
10
87 23 90 28 80 64 43 81 73 0
10
70 10 24 17 74 47 89 69 38 69
10
85 84 13 25 66 55 96 8 92 72
10
40 79 19 6 44 90 3 67 68 19
10
76 22 74 78 63 17 85 98 59 19
10
58 82 31 34 39 16 95 52 0 3
10
39 14 88 35 31 32 92 6 90 61
10
36 1 93 70 84 60 38 81 32 4
10
90 25 49 19 6 68 46 49 76 55
10
61 19 11 54 18 65 52 93 17 46
10
10 48 77 1 17 0 9 69 1 15
10
27 55 68 16 59 64 28 19 78 20
10
31 1 74 42 25 21 12 31 79 6
10
7 63 26 27 18 76 93 38 25 19
10
72 68 16 34 85 83 12 9 56 56
10
1 21 53 44 44 97 20 50 16 81
10
75 32 99 69 15 54 85 84 33 34
10
20 4 53 16 94 30 64 88 76 81
10
83 65 27 35 52 90 10 56 92 91
10
88 63 93 39 4 93 94 18 38 89
10
96 46 89 91 3 86 11 72 75 48
10
52 4 77 46 77 92 17 7 62 43
10
50 69 8 57 41 82 90 67 92 42
10
74 97 81 26 46 46 52 71 21 86
10
53 72 23 85 87 78 87 74 16 84
10
73 76 47 90 73 44 16 71 57 33
10
10 52 83 53 31 2 63 78 28 70
10
60 50 60 64 67 11 50 22 7 13
10
99 21 99 18 51 2 43 11 97 34
10
26 98 16 89 32 88 11 0 24 96
10
10 54 52 40 92 45 71 94 64 69
10
25 28 9 86 99 28 41 18 84 93
10
80 7 95 54 43 75 86 48 97 16
10
33 30 40 19 16 29 60 16 10 62
10
63 21 52 91 50 71 69 73 52 31
10
87 24 8 83 79 32 72 55 0 96
10
39 87 19 21 78 77 43 90 60 2
10
45 79 88 53 79 42 85 86 30 8
10
14 29 98 45 26 77 41 50 98 7
10
25 51 56 94 73 37 53 80 17 18
10
91 7 69 11 89 9 16 77 54 33
10
6 36 27 77 6 15 61 43 56 22
10
35 52 69 27 65 63 6 23 96 88
10
25 20 54 4 29 62 73 8 36 99
10
64 87 49 41 40 43 8 98 24 22
10
96 65 28 88 73 75 92 17 41 53
10
0 82 0 15 9 96 20 1 45 40
10
40 3 51 3 4 24 21 18 2 30
10
86 33 88 12 17 30 55 1 15 27
10
51 59 68 22 13 68 46 79 71 93
10
57 64 19 17 30 95 93 42 4 3
10
85 37 21 14 48 21 22 64 70 10
10
67 2 0 52 37 28 56 36 31 41
10
72 18 0 89 19 32 62 1 91 48
10
0 51 43 75 33 20 78 40 78 53
