5

10
14 60
8 94
55 23
73 29
64 97
69 78
74 57
4 68
67 7
60 87

10
57 65
47 39
59 79
11 45
27 53
65 1
76 79
78 82
77 8
23 82

600
4514 3760
7008 5794
2855 5323
4873 1829
9464 1697
7869 4778
3374 5557
2104 2568
7667 2507
9260 3087
448 4062
114 7180
1512 8838
4866 1419
3437 9930
3690 9708
5503 4303
9627 7050
8879 4710
6407 852
5630 4696
253 629
3197 9004
7864 8709
1797 864
1278 3476
656 8597
7435 7745
5516 2168
2098 8654
4714 8953
9609 2141
5543 6569
1280 9236
6440 775
5471 4039
4668 2070
7426 2076
786 7866
5082 5290
8766 8935
7532 6361
4106 9422
7943 1319
6325 5974
1280 41
8534 1040
3961 889
6477 4078
4853 5241
9281 2917
4987 324
8752 3949
8167 8765
4056 9538
4825 3250
5963 2822
8597 8709
29 6421
2395 6540
2933 2706
3746 3675
4564 1468
1898 7708
9301 1041
310 6751
3427 8582
8884 1649
415 8531
8070 7051
301 4471
3645 2895
1605 2616
9037 2242
5134 7986
692 1433
5108 8068
5888 791
4851 6025
3418 4138
7241 4152
9087 81
1730 7020
5551 7971
1374 2145
2968 9973
2869 8028
644 6614
5208 826
5164 9682
1115 343
4763 2208
2999 2575
4952 7003
7493 4202
4707 4723
4804 4734
1754 3794
8117 6534
5032 7305
3631 9491
3871 8000
966 6500
3678 4516
4198 2527
9222 5194
7402 1665
4240 337
3692 6754
956 5545
268 1185
5919 5663
5809 5072
7958 4025
7682 278
6122 2990
7343 1313
4165 9993
4509 4661
7188 4195
9389 5059
6724 6410
3099 6792
3546 965
2862 6791
7976 854
6518 3130
4554 247
4272 8679
5310 2512
1855 1955
9620 1432
7777 9198
3859 3786
7981 2287
3698 7400
162 7371
515 423
7740 3262
53 4061
4915 602
3732 4382
4629 7785
2817 8286
798 8902
7209 8127
5911 9005
8203 6829
6967 3688
2327 8415
2167 1301
8672 6026
6449 2329
1943 9187
9600 4189
1143 1997
2731 4515
8653 4875
9513 7360
2614 1470
5949 6663
5669 9823
3005 1860
1900 3872
8639 6324
7625 580
6606 806
9488 6297
1836 9407
9948 1431
9780 1436
2304 1091
2318 2511
9872 957
8779 1831
4846 2486
8662 4728
2940 515
740 8019
4343 4840
5420 9379
6538 1969
4618 8378
4137 6026
7457 2807
595 437
7880 7238
9749 2899
208 198
8381 5973
8460 8987
67 3228
95 3474
7845 3007
7848 835
6567 2188
509 9620
4351 3105
9131 1480
4287 8488
8926 2940
6530 4882
4134 3158
9709 6280
2253 4342
9682 8090
7670 7065
6891 9749
2757 7766
8601 4736
3277 6957
2929 1520
4625 3786
1618 7280
5769 108
9401 5905
7140 1047
557 5931
2211 7626
8320 266
8357 817
4234 8002
4104 2379
145 1126
2214 3213
6522 5099
6619 5491
5630 9451
6732 7597
4057 3600
5858 8853
9900 3458
9390 2998
624 6809
7076 1601
8770 5296
3299 1785
4164 3005
483 3755
3320 662
2113 9049
893 9842
9293 5084
2681 2875
6475 6025
4878 6739
6549 2333
1683 1130
7940 5939
3893 8659
3956 5016
3153 2663
2020 3607
7362 7317
4331 8855
7905 682
524 6444
1529 5150
8025 6169
2195 562
3653 4500
3186 3425
908 203
6142 4869
3529 5200
216 35
9051 7485
1092 3369
7038 7423
6279 4806
5488 1370
7814 536
5686 2364
8533 5695
6258 63
4563 7080
506 9911
114 4101
8971 7766
2966 6257
2644 2500
6337 9534
9255 1695
5471 7429
2235 6293
4015 1750
8638 4075
2791 8182
3877 676
739 1324
4757 6487
6399 5302
5756 1615
9381 2865
5474 4727
3579 2347
1881 8119
6166 9916
3697 7488
3781 1637
9739 5932
6359 4149
2331 4729
5405 9150
6826 2560
9048 6144
7799 1583
3198 1799
4664 3555
8282 2579
1278 6491
962 8213
8129 9511
6999 7128
5118 1826
4110 7133
1282 1209
5939 469
9619 9965
2525 1344
3841 6445
4381 1573
3372 1640
5195 7579
159 4389
880 9829
8042 7789
7301 1842
5322 6171
4349 4300
7785 6792
4354 8459
5280 9067
9032 293
7989 1251
4048 1558
9483 1830
9822 8429
6009 9208
9949 5017
1198 2520
309 829
9023 9240
1763 3962
4615 697
7490 2464
7275 2400
1468 1844
8489 2555
3806 6852
4762 2830
4661 7855
2636 4246
9806 4483
5853 8645
7517 9755
6936 3403
8996 4179
8141 5959
3008 759
9576 2756
1509 6850
8694 6851
9407 2977
9829 3535
6366 9565
3772 944
5190 7379
8214 6409
1406 4996
1103 4067
7471 8924
3103 8039
350 6467
3578 7596
6705 3358
209 9506
6358 8214
7543 5255
5143 5765
1682 3724
4668 1509
8888 5455
1864 6210
7558 7102
7522 3270
2194 8661
3052 1345
4164 1649
5598 3402
3113 4094
3601 2303
6869 9674
4929 9959
2076 4412
8136 72
7933 3758
9213 2805
5367 3173
6628 7429
700 2926
1587 502
1847 9246
896 4640
4394 2363
6457 6494
5149 7507
7181 58
6369 2018
6430 8463
4887 4797
8556 918
75 2821
5994 4121
1551 5443
8369 8974
9476 8603
7849 6308
948 1323
38 5097
7943 5343
9202 6496
2906 3092
1462 6384
4847 5628
425 4244
5163 6086
8907 5333
5807 5238
7033 1254
228 3710
2313 5402
1711 9705
7380 162
1612 9011
706 7419
267 9555
9000 9909
6293 9525
5153 462
4707 7492
3578 1931
7264 6222
1460 8838
92 3071
3133 4846
6600 6672
6377 5446
1961 4663
3675 110
7529 3573
9480 4381
4290 4148
3673 8480
8943 6935
779 8827
758 2
6224 4358
3196 4374
3798 4036
8882 9640
6312 6931
2378 5483
146 9042
9152 691
616 173
907 3033
7181 96
8577 1549
8485 854
9681 3872
3874 9264
9974 6791
1166 6450
486 9522
5514 4964
1895 9369
1204 1827
869 625
1316 7702
7876 6373
9406 1932
2029 8783
332 6587
7441 6958
7182 5169
786 3475
266 1056
7506 760
6635 1432
6396 4344
3713 2149
328 4644
5269 1269
8972 7549
3922 6586
4870 3200
8335 3328
6267 3251
209 8667
189 3709
7184 7391
4799 975
8087 7450
5235 8657
3002 1074
3224 7983
2627 3067
689 9904
7454 7897
835 9661
9213 7728
7409 2057
5309 7548
2567 3676
7385 1870
9262 2756
83 921
4724 413
9071 8171
5597 6311
4294 8425
7844 8821
5078 3274
7523 8533
4546 8884
6612 8358
6767 3759
7659 4021
7698 2076
3947 227
9335 1435
8709 9561
9974 5771
294 9785
6096 5397
174 5891
4713 390
3664 8019
6552 6143
5027 1187
5897 7451
1210 1639
2013 2665
1093 5222
1801 6063
3850 5040
4601 1136
6907 2559
2344 928
2677 7201
3093 4792
1535 2852
871 4158
6653 5199
2739 3775
1226 1680
9671 4988
4005 8789
4011 1684
7747 5099
139 5812
3300 1598
509 1093
2021 6560
113 9206
3998 4698
3902 9558
68 5533
7085 4773
8549 6721
8401 9824
1164 6127
4916 8073
6109 5170
269 5279
1091 3857
1807 6760
7853 744
7304 2316
7874 6226
7277 3769
3328 1873
7406 1179
5953 3396
6470 843
7019 854
3333 4871
9296 8184
3354 8250
9881 1758
1967 9975
6735 7325
8069 3774
2442 941
3519 1725
5494 317
2190 796
1976 8822
8571 5948

1000
8702 1894
5557 8258
5352 9311
9209 5465
2603 9058
2737 9036
184 944
9824 5395
3795 6260
8734 9249
6771 9379
9935 2111
3866 5948
2830 8963
7805 6950
8844 1725
6335 6508
2171 4401
9867 1688
7098 7732
6768 8822
9766 6188
1583 6952
9565 9591
5192 1731
1110 8299
411 1963
4263 7397
6361 629
7579 3446
1523 518
7026 2775
7176 7859
5899 5550
3282 3395
2218 9349
5537 51
3355 8336
7927 3473
5204 2920
1220 3120
1435 2666
64 7983
4964 2051
1849 2777
3295 2543
1670 3372
1231 6674
2224 8846
2242 3482
2832 5506
5557 812
9148 4721
8194 8913
8185 3428
2900 9750
2417 9405
3740 687
2738 8833
7962 8704
7599 4587
4312 1257
7931 9269
4468 1895
5378 155
2014 6710
3874 4562
9283 3923
2836 3022
6450 3830
3580 1022
6779 5702
6390 2349
1182 6872
5576 5480
68 9144
6754 3176
8797 732
2627 1037
1193 3265
6327 8005
2567 9559
3482 201
9576 8203
2033 2671
45 6026
1729 1965
4315 6824
48 4471
9951 1849
7346 5625
5153 6371
7103 4100
5137 302
3568 9731
4088 2682
2241 6247
6449 3008
1211 2076
4747 2377
8403 9596
1561 4792
7968 6484
7307 5876
4078 8017
9994 7259
3630 1424
1876 5147
5449 734
465 7013
6048 5369
1617 905
3913 4641
6717 4418
6795 5124
4720 1464
2608 1550
4387 6282
8510 577
8594 1694
8953 2588
4012 8588
87 8936
9670 5888
9254 1888
7258 6487
7392 5302
6295 5227
9645 1306
2782 3013
829 2792
4342 3855
137 3438
4015 8729
6776 4999
7588 8961
3901 2081
1017 7952
193 3988
2228 7039
9878 9447
1101 9486
4713 3623
1281 7396
6761 710
3502 4063
7918 7591
1029 7845
2926 4407
9407 1396
357 6054
8136 3347
1299 4258
4598 5505
8897 1492
7291 6826
2665 8775
8750 4744
8493 3730
4441 31
447 5254
9197 7943
5788 8365
9125 226
1622 5067
1121 8532
1879 8331
8941 5609
1115 9530
7375 9891
6718 12
5139 4666
5763 5735
9465 3890
273 4256
5862 3906
1850 720
5438 5060
5286 3990
9057 4563
3095 3261
1592 179
2140 1326
7208 534
425 3255
9619 4583
9250 3495
5582 1111
1353 5013
5621 5048
5306 1626
8699 1483
6543 7156
1147 4137
8700 8182
1443 6556
3087 8147
5825 9387
9921 5228
4835 3033
7617 6699
6546 4455
1918 3219
4584 2129
7177 3271
1249 205
1688 2483
5992 6300
437 4584
2766 3491
47 9137
3636 4209
3596 9487
4715 9461
8847 9870
2921 9550
357 6464
6035 9467
1596 8627
8250 619
7176 5125
3961 9500
5800 5216
9800 6305
9796 2590
8079 8918
9479 6195
5682 1716
7529 9428
9298 6749
2652 6376
9192 8571
8038 3009
1637 5227
2198 5987
1112 6239
2091 9374
4591 1425
7730 4244
6834 743
9662 3878
74 4913
2981 9141
8569 2108
8858 511
3239 4219
2790 1510
871 8784
363 829
3168 8860
5100 2562
8288 4280
2058 7191
1435 9231
9975 9788
19 4621
9535 5989
1482 93
2201 8868
5731 52
4271 7411
5273 8971
4107 3414
595 6145
5005 4470
3384 3763
4395 6457
3649 1673
7256 6453
2594 1436
6058 3583
9572 2613
2706 1945
813 1055
7459 1259
5023 6545
1868 8082
1496 296
6441 5975
6797 2091
2206 7799
608 182
8207 6602
3055 609
2046 5463
9047 5649
4614 4456
6401 4971
2378 3672
1284 7214
111 9837
4272 6307
6603 1979
7954 5768
4212 9397
3548 4752
1286 6418
3020 4156
4766 9493
1308 2428
4429 3164
7620 6707
8031 9044
2716 373
3939 409
6599 4000
6659 4051
6030 871
6639 3263
9012 337
1441 7203
9974 2560
3068 2727
8572 9346
1774 4186
7350 6232
2940 6204
1600 1322
1695 971
7732 4316
4669 5635
9686 4331
5202 1328
943 2068
2405 8194
1749 6307
5219 198
9277 1723
1070 8288
2474 7849
4082 2844
5400 6177
7499 3374
697 7000
7669 9195
1182 8429
2761 2338
18 7220
9288 4315
8861 7314
3621 8046
4596 611
2334 8841
3481 3874
8075 9756
8953 5955
8484 2157
1883 4353
7706 5984
1531 2580
7362 1727
417 9065
6285 6475
7142 435
7749 1925
9971 6004
6615 7723
6564 4568
4794 5301
5058 45
2352 2869
1379 4011
4716 837
3173 3262
2195 8774
501 4704
3769 9557
2384 918
7706 54
1979 9526
5530 1807
9530 8303
9223 8497
3799 6094
2491 4017
6886 5209
5572 4844
2033 8265
7880 6640
5415 5206
6262 75
5984 2268
3187 31
6437 8368
4246 7245
9052 4768
9423 9777
8274 8583
1029 8646
2663 8425
3634 9873
1069 5902
4167 9206
5847 3102
8308 2047
8474 7614
9882 4570
953 810
9178 9421
3018 3742
8510 9777
9554 2071
7006 7934
2932 4180
8958 4387
4260 1948
7850 2592
8151 5329
4783 8369
6769 350
4316 9443
365 1595
2406 4198
9972 1318
5060 1584
1361 2990
1413 9923
7857 7267
7800 8419
9159 7141
9089 6758
5702 3419
5101 3291
1661 3853
555 9884
9328 4782
6377 4871
5422 6045
7364 8783
6720 5394
4736 8776
8699 4433
1701 6150
921 2908
50 5853
2611 80
9852 9139
2431 8313
8519 4953
1189 444
5226 9074
298 6869
2915 1603
6739 5720
7466 279
5407 3459
7892 2202
4704 4107
7015 5945
1798 5626
2058 3417
8909 761
5427 1910
6863 7692
8136 3946
9372 4405
1274 9714
7669 9670
5390 4189
820 4408
7867 2856
1411 2580
6687 2112
8057 6115
8093 54
9824 9856
617 152
2062 8733
6425 6044
6342 5278
6035 913
6979 5715
1737 7309
7851 4648
5409 3480
6336 5023
7603 9628
1740 4099
6567 642
697 9798
6006 4660
1164 6873
5606 2975
5372 9579
1209 8383
9296 1714
3781 7244
905 2627
3627 5519
8999 5108
132 9036
8665 1687
2139 4087
1082 405
6555 8706
3366 8131
5004 2561
1889 883
462 610
8993 7261
8975 1671
5267 4641
3620 9109
4628 6172
1281 7247
6284 9979
8018 7765
1852 1301
8058 157
8863 9286
7417 4614
3527 8582
9465 2421
3031 5416
2677 6279
4302 8376
9369 8005
7114 9569
5741 2989
237 8094
4425 3374
1139 2873
4174 2443
2601 9344
8630 2232
3198 7816
2750 6048
8469 6726
8494 2215
4846 7853
6229 7524
1881 9148
8717 1951
4940 8995
3441 811
4185 1529
4402 7866
309 5325
1021 4928
7161 9262
7079 9651
2051 359
3437 9829
8397 521
4726 1932
5808 9595
8744 955
9258 7689
3036 3813
4624 4199
2080 6477
4343 8810
487 2835
7763 1004
6619 1508
7511 1276
7988 3698
9879 9563
6436 1425
9709 4628
4224 1162
8469 5517
9558 9320
3133 7728
8279 2594
9071 4110
2920 359
9546 9766
7123 9759
7619 7310
4938 3742
3792 5130
1045 2926
704 23
4652 7481
4995 6765
8635 5228
900 3465
1193 8193
788 385
4495 5824
6183 6211
2330 3767
3526 5730
9392 5805
9547 1145
2628 4330
3609 3339
3362 3673
7507 4313
1078 4366
5946 2502
2319 6065
4259 6846
7232 9864
5688 1399
7610 8079
1847 1872
3954 6292
2097 5373
2871 9698
380 1644
1335 5499
5524 3989
4654 1050
1768 9383
1886 2085
8150 7715
913 4205
4070 2409
3808 4497
2577 6110
7982 7771
415 776
6149 8288
4338 2513
509 5372
7223 4719
8708 8197
9247 2748
2131 9715
1800 7367
5082 369
927 9950
8712 2348
3197 1349
7459 2520
6643 5774
2902 1794
6434 7059
5924 9052
776 773
5492 6433
4630 8000
7100 552
267 229
7597 5583
5953 2067
8370 9031
1379 3232
4581 7082
5954 4577
6703 2040
186 2598
6009 9606
5010 6621
7394 1933
8366 2138
138 9238
9790 9349
9578 7238
2822 6410
4829 3527
2559 5127
8359 3199
6633 290
4867 9292
1332 2588
1538 7923
3881 7871
4492 7547
9480 5243
7381 8238
3828 4198
3547 3872
7462 3618
6380 9478
3005 6636
1763 1210
761 1916
2207 6474
5766 7395
9983 3426
1349 3451
1322 1521
9068 1582
3177 2166
6756 4900
5450 6911
783 584
554 5350
4828 8245
4882 6935
8145 4185
6102 2997
9472 5258
2653 4661
8087 5238
8689 2636
509 5789
7371 6363
8529 5929
829 6901
3812 5285
5869 6280
1630 947
9192 6424
9711 2810
3347 426
3424 4208
9466 5801
462 2896
4486 2120
1108 8550
4339 3176
9539 1618
7547 8062
1315 4421
9706 8377
1009 5127
6074 1928
4704 8991
8153 1619
2045 4415
8623 1500
7302 1821
1069 4441
6561 4116
2666 5556
5084 7670
5640 3357
7772 975
1748 3187
7916 9087
567 1455
9735 5277
4268 6641
4612 4439
5206 8773
274 6658
4831 181
4622 3928
8044 5901
7809 7536
1558 7063
420 9245
220 7198
6737 4544
3632 1969
9776 1006
6283 4199
7192 5863
6654 6904
5677 1805
4815 1860
2041 2303
6231 5998
1899 3015
551 4276
7691 6060
5305 8461
2011 4463
9008 1878
199 8749
9755 8992
9543 6327
2190 2390
9294 6735
4892 5196
7056 1324
3627 6059
2058 5449
4816 9859
487 309
6370 1720
181 8178
2641 8027
6257 2193
7294 8001
6993 6456
9135 7049
5791 6536
9624 7677
2873 5086
6410 4516
576 9929
1730 6389
6248 8986
9295 6547
8267 3087
1265 2017
45 8448
6993 259
4612 6302
9111 4287
7688 1606
4494 4598
2276 3480
4918 4118
4987 5149
1431 7680
4069 1915
901 3161
6060 6670
9757 196
2214 4327
9128 7375
3986 8611
1265 6121
6761 8598
6556 6728
1327 801
633 1051
1521 3603
5104 5551
9583 2860
4775 6535
6049 5
6675 2028
2225 2109
2789 2784
159 791
5754 1917
4390 497
9096 7019
3748 1151
8305 5652
3055 1427
1382 8938
4490 929
3789 6486
9374 425
430 4917
6945 5423
3884 3457
2594 5522
2665 6673
4942 9105
9603 8419
1791 9333
6836 5051
7055 1891
3318 5141
4080 111
7392 4700
1186 4922
5347 7533
2450 560
2335 2130
1939 5748
7622 6220
9245 885
9991 288
8707 4188
3521 5946
997 498
8741 357
1851 8052
4515 2059
6759 5931
853 1907
9441 4298
1210 2552
1034 8243
343 3546
6118 2974
3859 7966
4606 5363
9551 202
6148 3313
164 3072
9782 7145
1550 8905
7317 1633
3916 6065
4325 428
4726 1121
3673 3766
8361 2289
5835 4708
4034 5057
9375 1953
3668 7893
4448 3981
3646 3220
2644 596
4094 3810
9068 8778
6763 5644
1709 2737
3165 679
1800 6034
6152 4244
6533 5474
6534 866
2275 2368
673 568
4813 1650
5631 693
3913 5613
6210 9277
9440 2910
1688 304
2300 4860
7597 8452
5483 361
2748 7114
1358 7284
9110 5252
6118 7891
6611 1996
2564 8393
43 3636
4330 3729
9343 2026
7656 4595
7505 1905
8561 7096
8308 5546
3998 861
7574 5905
3019 5833
3117 322
5575 730
8621 2227
4223 8045
6439 5233
5221 3139
3221 2834
1213 9551
499 8916
821 8869
5965 4356
9902 5734
2947 4273
6530 252
6086 521
844 5901
6631 9203
7783 2771
816 1605
3190 8358
7850 3607
6442 8411
4315 7423
6339 4007
2876 4814
9170 3512
5598 5193
5818 5425
5677 8545
5418 2348
4601 8115
3671 6262
5385 1233
9190 1454
6164 6202
9809 2380
791 366
7789 2603
6610 5106
6272 4128
3992 5838
1031 1795
7220 9590
4487 3201
1901 9249
7365 9906
6168 6503
4088 1036
8842 7906
4108 3278
5658 1358
1725 269
2873 2801
7908 9514
9995 5835
8026 532
8679 339
9930 5409
8611 5899
1501 4417
4323 512
7015 8866
6254 6844
4750 7455
7085 1448
2806 5210
5479 2743
5545 4531
398 4704
6892 9805
6689 6745
7084 4918
327 5369
7620 3366
7784 5290
5803 9121
4339 8459
1655 9170
6626 593
2041 2757
4319 3711
2807 4848
5731 6151
855 4704
861 6129
2874 4099
5369 7550
2919 6311

1000
6647 1840
7021 8434
7497 9387
35 679
7047 9328
7836 113
8239 4434
1544 5028
3390 2494
1887 7537
2926 6000
4732 9273
4331 579
5089 1610
3466 238
2078 6726
5160 113
5853 5452
2483 2657
8337 5888
2353 5882
316 6173
7553 593
3087 1861
5750 944
3296 1327
600 5028
5607 4380
5990 4931
5170 7049
127 5808
5922 3600
9052 5287
4296 8127
4015 7887
3769 8986
5159 6369
3314 438
8651 9065
6361 2753
4080 4401
5781 9657
389 4681
9612 1388
8437 2731
8539 1134
4735 8564
203 813
8940 139
4379 852
9838 2956
5677 8148
4938 1349
414 8991
1744 3589
4342 3127
9136 5825
6858 123
1512 9525
2256 2822
3957 6301
1218 7148
7961 5044
1535 7773
8625 3254
2562 5914
415 8463
6165 8239
3582 1705
5295 2931
6059 1678
7503 9637
9761 5195
1073 713
3536 7625
3926 9681
6829 7493
8889 1496
9270 4791
4397 6776
9043 7895
2711 6959
5198 5810
7515 5228
8159 5132
6810 2810
2448 570
5766 666
1379 8561
6186 6839
6520 4915
8760 112
7961 9702
845 7649
778 7231
5126 5242
2201 9821
5631 4189
9417 3751
8883 3146
5957 3929
4499 5693
6359 4757
3318 265
3456 4091
9006 9504
5968 6329
2383 7767
1768 281
7512 3228
8470 8898
8719 8991
3180 671
774 4350
3849 8950
2879 9657
1702 9806
915 3730
348 4414
8505 4233
89 156
6485 7511
1630 2409
2691 8868
8448 9751
8649 6555
5546 6918
3941 3721
8071 5079
381 4715
724 1920
8078 9612
3342 8779
3193 5345
5930 3690
3847 1698
5561 6019
4781 6684
1905 3544
9647 3824
379 353
3624 4648
8369 2278
7357 3917
8633 2793
1065 4090
3702 5709
4488 5496
841 7044
7087 4033
2083 6772
9143 934
3970 7645
7541 3924
4100 5875
2581 7188
8188 832
3110 6205
122 6558
5703 6819
909 5107
7169 6768
2264 963
8007 8009
2043 9458
6230 1446
2380 4126
8123 5373
5650 2703
8578 5664
9204 6102
6934 7511
68 7393
303 6396
3215 191
1650 6006
9126 476
1439 8819
6829 7743
7201 5799
7245 5224
9350 3431
5156 5978
8681 7474
9490 806
3261 3611
1123 5047
8792 195
6592 1191
7734 5447
7805 6159
2988 5737
908 6931
1026 779
2930 4089
9313 8227
8010 176
2506 5016
2490 3167
325 7539
1150 8332
3379 3586
134 8625
6169 8523
3970 3078
9237 255
5992 1775
5059 8577
9357 6901
990 6085
4313 8639
5167 6656
1672 8675
1842 7673
5212 514
8846 8520
8458 2715
1340 8578
3453 8592
8022 3861
4117 7424
5551 3612
2189 109
3362 610
6696 7898
6538 705
7361 1009
6036 1705
5731 9033
5899 7879
2751 943
10 4745
9675 7561
6154 7703
1564 3129
6905 4176
4140 5681
2143 2456
3067 6330
4228 5505
2562 9763
7124 7118
8824 9923
5308 3160
7391 4555
1850 1207
2305 6494
4056 1861
5916 1980
1461 6562
7090 7480
9514 4718
7175 1231
7561 8009
3514 6594
2709 8141
5260 6077
2352 6185
9345 436
1343 7661
8868 3089
9583 3193
1406 7525
5858 9991
6553 7322
1155 7319
8390 3644
1227 669
8678 1917
8511 8788
3281 8544
973 1220
7405 4893
5329 9678
7339 3102
2543 6672
6218 2559
85 8479
8470 3976
7651 5943
9614 1376
1372 8806
5827 4356
6273 2599
7739 857
5753 1136
2356 1020
2266 3079
2757 6113
5568 7595
620 96
9007 4463
2942 3190
3518 5444
7739 1413
9141 1169
9975 3706
8062 513
3112 2154
3011 4336
1824 7203
4575 8765
8196 533
6646 6841
789 953
1049 8566
3030 7761
951 6408
1853 2324
89 4469
1991 5944
9650 9230
9743 1966
473 7713
8401 9207
6410 3484
8601 225
758 986
7827 6797
4102 3757
8675 8616
2729 1503
7912 1705
382 32
854 6117
2061 471
9702 2845
1163 1712
5777 9445
5005 1636
1473 4178
755 1415
8753 6426
9576 7866
1623 2933
7901 3678
5182 6650
4708 631
663 3094
9211 5090
5561 1517
4362 7624
9336 5263
1061 5526
3514 5113
5643 6066
3833 4987
1414 6399
4265 2587
5520 7342
1020 2240
8890 9773
404 6202
5648 3598
8688 1068
8937 1211
8836 4250
5865 3300
5178 4524
9638 6926
2992 8692
32 1633
8032 3178
2117 7798
5140 8649
889 7637
7410 6160
8715 6132
9730 4167
5235 4363
5575 4771
5373 524
3824 763
5287 1238
8165 5354
399 1277
2911 7509
687 431
8229 7295
5945 2804
6793 9721
5881 3186
9318 556
4723 4596
5312 5401
6524 6310
6834 7239
8002 1897
3135 7011
8717 3289
919 7652
5162 9116
5899 3830
1125 2201
1358 480
201 7070
6609 8151
5059 2435
3383 2279
7680 6134
8796 8695
5934 4204
2453 1983
5346 288
9930 5589
3241 4063
3180 849
4679 4755
6957 9079
9560 2156
5579 8315
2818 6113
8548 2188
4467 4230
364 1932
627 8500
9056 9161
7496 2914
3202 1510
3451 2842
6905 9484
333 3044
4152 6437
1869 1364
3521 7461
2128 7781
3894 5452
7640 4946
5528 2443
727 8459
3311 5893
1406 1354
620 2368
230 8902
8096 175
9659 33
9429 5001
7791 6345
7709 3581
1042 9660
7441 7582
3034 3170
4469 7687
6482 7026
1838 9997
2242 7209
8564 5149
3869 0
8902 5536
5711 451
484 3350
8352 1723
8068 9914
3495 6143
2155 2129
6064 890
412 5948
3635 5450
2477 4881
1231 118
7327 667
2168 3473
3474 2243
7780 6038
6489 8728
2079 3491
1566 6974
3240 6783
9278 9634
1764 3087
3977 1433
7381 4180
9630 742
5623 1016
7486 8459
9126 3206
6680 4814
7057 1295
3685 6506
5234 1189
4681 174
3500 3665
448 6247
2234 3092
6180 6078
7511 350
4530 6509
7251 1244
8613 4160
2620 9227
2433 6099
7265 8098
9393 5465
1971 4323
5512 9430
9605 3558
3575 6545
9145 9457
2550 376
6454 7731
8081 8730
1591 318
1562 2611
3123 8843
4422 6527
2627 2095
194 6855
8673 9892
567 5939
5370 644
554 2432
5329 1327
784 4130
858 826
8557 9686
4768 7312
7630 2990
1953 6360
1555 5545
2072 5077
7172 5977
9184 1051
944 3718
9658 7857
8502 7863
295 1380
9059 5408
5890 5625
2803 9843
5882 6748
4061 1361
4351 650
7010 8043
3588 6305
7734 8565
4542 2013
3064 4906
4977 3727
7936 360
8224 987
2367 2790
8199 8519
496 1426
7621 4089
7190 3300
1013 3503
4154 1251
5646 5364
8021 7516
6082 5587
7600 5755
7014 6976
7055 664
1025 1991
2978 4992
7782 5601
472 1697
3123 2333
6423 7321
621 7096
6952 9965
1216 7986
9702 7458
4974 3214
8801 7724
3479 1056
4385 6401
3418 493
8836 1440
2784 795
6396 1814
3511 567
2900 3220
541 2986
83 5675
5640 7514
5500 3387
845 3208
6423 5203
2927 5819
6876 1576
7978 2758
9604 1261
9053 7748
4895 8440
255 1838
8757 7643
863 118
3105 8009
3685 1405
8919 9540
2927 5677
5238 772
5975 3772
9591 8013
9589 5254
4364 2819
4080 3919
8019 3968
2409 9486
1324 2914
557 9016
9134 6433
4442 1421
9178 2239
1779 4479
6509 4449
5221 4706
8478 1747
6112 1196
2802 4422
7241 5701
5973 7167
7487 7674
7160 3992
3259 9896
5264 4836
1269 3816
1589 4399
2990 5711
191 7119
1569 1122
2180 6700
4799 6790
4339 7011
1433 911
2964 7141
660 8674
6348 8937
9282 8148
4396 9860
4696 2541
2709 9661
412 5965
8029 651
7770 9754
7228 4572
1272 9339
2482 9409
6420 2423
3334 6821
314 4205
9231 6298
1588 975
5475 5580
1792 7222
9763 9871
5884 6489
8806 8824
9475 2648
2403 3187
7759 3598
2937 9631
5392 5383
7806 1771
8592 8164
2369 7492
3791 5259
6234 1601
3533 1731
8953 8061
7932 5325
8166 5068
3892 169
2817 3325
6512 9720
3318 1572
7556 4272
6007 2607
4379 2948
1113 3814
1306 2971
8230 9834
1435 1449
3180 816
8877 1320
6646 8485
3553 3162
3331 1164
4489 3798
3518 2500
4073 1002
1626 3188
5795 7981
929 7633
1447 174
3146 8394
8229 9106
555 7728
8545 9664
7337 88
4925 3774
6936 335
1499 8479
8629 6619
5472 5989
3343 8499
1687 9545
7526 4969
8954 7482
7657 4807
3202 6754
5860 7155
4883 1431
7447 2767
2855 9780
3555 4784
5119 7781
2612 6843
9815 2971
8960 7593
6092 5287
4832 2303
3624 4131
1613 8710
9869 2578
9332 5622
2777 3071
854 1544
4312 7661
3793 4654
9438 3519
1300 3700
544 910
233 264
7857 359
5646 9193
7848 301
4432 6830
1892 7824
6754 2398
8020 1761
1185 2439
3983 798
4811 2039
6693 8295
1815 8604
2305 2484
9746 9467
6084 9201
5912 9979
5524 3941
595 7910
4740 9724
7548 5027
7425 2984
1097 4302
3093 5446
2596 2282
674 7077
1724 7407
2363 3719
2555 9891
9359 1020
221 8653
8632 1795
5736 2485
395 508
232 2683
7711 5135
4471 4132
4787 1488
3286 5569
4203 7880
1309 5882
9641 4877
8597 3034
2925 8357
9377 7504
6158 8636
6783 5951
8436 1142
1651 8872
1555 8832
319 8235
8720 5618
7107 4791
6712 3507
7739 6745
2628 915
5793 9049
8435 8621
6978 742
8246 7712
2701 6356
8659 756
1899 9484
8356 7095
2279 9902
8137 9912
5530 2599
3742 6857
6716 8989
5735 454
1369 4456
9857 4715
3336 3514
608 8292
6004 6667
9375 5207
5963 8705
8190 8034
5129 7862
7764 2898
2810 7409
6360 2254
5463 8341
3682 102
6908 2180
2988 9417
4132 8277
8144 9197
7489 3821
6840 8752
311 9845
4903 6215
4249 6275
489 3093
2343 5730
9491 4606
3212 5154
9847 5851
2305 8675
7207 3529
9299 9213
3843 6547
5744 9783
3604 8339
3443 3233
3079 444
3011 3755
30 7982
7427 7260
9343 6871
1477 6122
1276 8834
1038 4689
9717 7475
1005 9695
8909 6924
3472 304
87 9104
3795 9216
8802 44
6840 7238
993 8233
2567 9852
3464 1023
4247 6346
2468 2807
1642 5724
6766 3745
7572 9032
8727 6483
9759 8577
5233 3988
9444 9583
8800 1673
1717 3239
478 3954
2187 4909
4761 1471
8847 1106
7452 8226
1033 3094
5170 9920
17 9027
8059 1936
4771 7590
2519 6787
7127 883
466 7753
9426 6572
9811 5618
9572 7495
2404 289
8113 8111
9217 3518
1744 6960
6406 6669
2942 9129
8157 1576
9865 9311
6901 2568
5707 4636
5519 5773
9878 2835
9407 5986
1604 5656
3151 5570
2212 7529
5640 1907
5425 325
3637 4858
1527 3521
2651 43
1619 821
133 7160
9728 1484
2473 3386
9159 1788
4623 7992
330 9037
1045 382
5952 8287
5816 4196
2456 4516
4841 7808
2666 4233
7755 8478
8521 546
1367 6758
270 6493
7977 7852
1239 6350
8138 450
4795 6750
5788 2761
9495 1477
9764 6833
7382 1800
6316 1932
9741 6190
423 7510
5988 8759
9305 4530
7640 862
7355 7025
4877 7910
4261 1684
8487 6116
2867 2399
1513 3282
1111 5007
8192 1008
2808 876
9160 1926
8116 5477
2987 8901
4013 4892
9422 5327
6189 3318
343 7063
1325 9896
1581 1573
4041 1938
4338 6420
9702 3260
4619 2203
9563 813
8041 2812
1090 2372
7849 3554
8807 9207
4099 7188
2515 2820
6139 9873
3288 5057
4953 2834
4407 4614
2904 2886
9306 4801
8061 7242
5797 5360
2526 2681
1845 5361
4085 6919
473 2935
8494 8286
5474 9281
2101 8945
8819 7989
3046 8240
7427 8459
9425 4352
7238 8186
2987 2330
5924 2897
8257 7401
6434 1722
7083 7135
4055 8279
1214 7520
5806 880
161 6061
5006 1280
5621 2263
6855 3825
8637 8668
3020 634
8821 8062
392 6610
9507 8160
5561 6317
4391 4117
7604 1995
6626 7826
5346 8011
8892 4193
254 1152
