95 1849
00010000000011000000000000000100010100000010110000001010001000000001000010000000010000000011010
00001001000001001100000010101011101001000000000010000000000000100000000000000100001000000000000
00000100000100000010010100000000000000000000000000000000100100000000100000100001000001110000000
10000000000011000000000000000100010100001010110000101010001000000001000010000000010000000011010
01000001000001001100000010101011101001000010000010000000010001100000000000000100011000000000000
00100000000100000010010100000000000000000000000000000000100110000000100000100001000001110000000
00000000111000100001101001010000000010010000001100000000000000000110011100010000100110001100000
01001000000000001000000010001001101001000000000010000000000000100000000000000000001000000000000
00000010010000100000000000010000000010010000000000000000000000001100000000010000000010000100000
00000010100000100000000000000000000010010000000000000000000000001100000000010000000010000100000
00000010000000100101100001010000000000010000001100000001010000000110001000010000100110001100100
00100100000000010010011000000000000000000101000000000001100110000000100100001001000000100000000
10010000000001000000000000000100010000001010110000101010001001000001000010000000011000000011010
11011000000010000100000010000101110000001010010000101010011001100000000010000000011000000010110
00000010111000000001100000010000000010010000000000000000000000001110011000010000100110000100000
00000000000100000000001000000000000000000101000000000000000100010000000101001001000000100000000
01001001000000000000000010101011101001000000000010000000000000100000000000000100001000000000000
01001000001001000000000010110111100000001010001100100000010001000010000010000000011100001010110
00100100000100000000010100000000000000000100000000000000100110000000100000100001000001110000000
00000010001000100000101001010000000000010100001100000001000000010110011100011000100110001100000
00000010001000100001001000000000000000000100000000010101000000010010011101011000100000000000000
00100100000100000010000100000000000000000100000000000001100110000000100000100011000001110000001
00000010000100010001100001000000000000000101000000010001000110010000111101001001100000000000000
00100100000000000010010000000000000000000000000001000000000000000000000000100000000001010000000
01001001000001001100000000101011101001000000000010000000010000100000000000000100001000000000000
00000010001000000001001000010000000000001000001100100001010010000010101000010010000110001000101
01001000000000001100000010011011100000100000000100000000010000000110000000000100000110000100000
00000010101000100101000001100010000010110000001100000000010000000110000000010000000110001100000
01001001000000001000000010100011101001000000000010000000000000100000000000000100001000000000000
10010000000011000100000000000000110000001010100100101010011001000001000010000010010000001011111
01001000000000001100000010111001100001100000000010000000010000100000000000000100000100000000000
01001001000001001100000010101010111001001010000010000000010001100000000010000000011000000010110
01001001000001001100000010101111010001001010000110000000010001100000000010000000011100001010110
10010000000011000000000000000101100000001010110000001010001001000001000010000000011000000011010
01001001000000001000000010001001000001000000000010000000000000100000000000000100001000000000000
10010000000000000000000000000000000000000000100001000010001000000001000000000000000000010001000
00000010110000100000000000010000000000110000000000000000000000001110000000010000000110000100000
01001001000000001000000010001011101000000000000010000000000000100000000000000100001000000000000
00000000000000000000000000110010000010000000000000000000000000000100000000000100000110000100000
00000010111000100001000000010000000010000000000000000000000000001110000000010000000010000100000
00010000000011000100000001000101110000000010001100100010011001000001000010000010010100001011111
00000000000100010011111000000000000000000001000000000001100110010000111101001001000000100000000
10011000000011000100000000000101110000001000010000101010011001000001000010000000011000000011110
00000000000100010000001000000000000000000100000000010100000100010000010101001001000000100000000
10010000000010000000000000000100010100000000000001001010001000000001000010000000000000000011010
10010000000011000000000000000000010000000010000000001010001000000000000010000000011000000010010
00000010001000000101000001010000000000001000000100100001010010000110101000010010100110001100101
00000010001000000101000001110100100000001000001000100001010011000110001000010010000110001100101
01001001000000001000000010001011101001000000000000000000000000100000000000000100001000000000000
00000000000000000000000100000000000100000000100000000000000000000001000000100000000000010001000
00010000000011000100000001000100000000001010001100000000011011000001100010000010010000001001111
00000000000000000000101000000000000000000001000000000100000000010000010101001000100000000000000
10010000000011000000000000000100010000000010110000000010001000000001000010000000011000000010010
00000000000000000000100000000000000000000001000000010000000000010000010101001000100000000000000
10010000000011000000000000000100010100001010110000001000001000000001000010000000010000000011010
00000000001100000001111001000000000000000100001100000000100110010000111100001011100000001000001
00100100000100000010010000000000000000000100000000000001000110000000100000100011000001100000001
00001000001001000100000011110111100000001010001100100000000001000010000010000000010100001000100
10010000000011000000000000000100010100001010110000101010000000000001000010000000010000000011010
00100100000100010010011000000000000000000101000000000001100010000000100100101011000001100000001
00000100000100000010011001000000000000000100001100100001100100000000100100000011000001101000001
00001000000011000100000000000101110000001010000100100000010000000000000010000000011000001010110
01001001000001001000000010001011101001000000000010000000000000000000000000000100001000000000000
00000000000000010001101000000000000000000101000000010101000000000000011101001000100000000000000
00000000110000100000000000000000000010010000000000000000000000000000000000000000000000000100000
00000010111000100001000000110000000010110000001100000000000000000010000000010000100110001100000
00000010001000100101100001110000000010010000001100000000010000000100001000010000100110001100000
10010000000010000000000000000100010100001010100001101010001000000000000010000010010000000011010
00100100000100000010011001000000000000000100001000100001100110000000000100000011000001101000001
00000010000000100001101000000000000000000101000000010101000000010000001101001000100000000000000
00000010001000100001101001000000000000000100001100000001000000010010010100011000100010001000000
00000010000100010001101000000000000000000101000000010101000110010000111001001001100000000000000
10010000000011000100000000000101110000001010110000101010011001000001000000000010011000000011110
00000000000000010000101000000000000000000101000000010100000000010000010100001000000000000000000
00100100000000000010010100000000000000000000000001000000100100000000000000000001000001110000000
00000010111000100001100001010000000010010000001100000000000000000110001000000000100110001100000
00000000000100010001101000000000000000000101000000010101000100010000011101000001100000100000000
01001000000000001000000010101010001001100000000010000000000000100000000000000000000000000000000
00000000000000000000010001000100000000001000001100100001100110000001100010000000000001001001101
00100100000100010010011000000000000000000101000000000001100110000000100100101000000001100000000
00000010001000100001101000000000000000000000001000010101000000010110011100011000000010000100000
10011000000011000100000000000101110000001010010000101010011001000001000010000000001000000011110
01001001000011001100000010001001111001000010010010001000000001100000000010000000010000000010010
00000010001000100101000001110010100010101000001100000000010000000110000000010000000010001100100
00000010111000100001000001110000000010110000001100000000000000000110001000010000100100001100000
00100100000000000010010100000000000000000000000000000000100110000000100000100011000000110000000
00100100000100010010010000000000000000000101000000000000100110000000100000101001000001000000000
00100100000000000010010100000000000100000000000001000000000000000000000000100000000001000000000
00000010001000000101000001010100100000001000001100100001010011000110101000010010000110000100101
00000010111000100001000000110000000010110000001100000000000000001110000000010000100110001000000
10010000000011000100000000000101110000001010110000001010001001000001000010000000011000000001010
10010000000010000000000000000100010100001010100001100010001000000001000010000010010000000010010
00000000001001000100000001000101100000001010001100100000010001000000000010000010010100001000011
10010000000011000100000000000101110000001010110000101010001001000001000010000000011000000011100
00000000000000000000010001000100000000001000001100100001100110000000100000000010000000001000100
0 37
71 17
93 22
18 48
64 76
29 90
65 87
19 2
16 23
24 34
71 5
4 76
94 67
40 83
29 8
6 69
63 45
14 28
56 74
75 43
25 6
18 48
22 47
7 37
44 55
81 24
0 72
47 71
65 81
72 13
61 47
32 24
81 37
4 8
93 83
21 89
30 61
56 86
66 25
69 43
53 20
15 70
73 81
26 80
88 93
75 21
35 69
48 33
55 59
22 45
51 93
75 27
89 87
74 7
41 0
65 60
42 73
81 32
19 44
47 52
22 63
18 85
9 52
9 5
61 42
47 5
37 44
81 35
12 37
54 74
88 65
82 81
32 52
94 75
5 29
27 81
9 22
36 23
49 55
28 90
38 55
50 82
39 31
40 15
84 36
49 70
29 58
53 6
17 41
37 27
50 26
16 61
29 80
13 17
4 73
41 87
71 32
26 18
77 67
66 77
84 34
47 71
92 11
8 79
87 82
59 57
35 73
10 89
65 70
87 62
60 25
59 3
14 5
90 4
59 57
25 87
45 11
58 27
25 51
13 7
24 27
69 93
21 64
57 82
88 8
72 46
55 83
83 25
31 50
71 29
56 87
31 25
69 66
54 81
60 53
49 15
46 77
79 24
52 2
0 28
83 75
37 32
58 83
50 46
15 27
83 2
17 6
20 27
80 76
66 32
23 77
28 52
89 87
80 2
10 73
29 81
61 48
2 54
60 64
4 76
15 8
58 34
15 50
72 58
35 37
36 77
14 6
47 58
41 1
2 53
37 55
38 21
60 18
13 81
29 51
42 90
74 24
45 29
52 12
57 10
17 23
68 31
68 71
90 29
61 94
15 65
44 9
85 75
60 23
34 13
17 53
49 82
1 72
91 10
24 25
54 59
82 31
30 61
47 41
17 66
31 36
25 92
5 17
51 84
72 17
25 38
3 5
41 65
70 22
91 68
70 52
67 43
18 25
46 90
64 34
32 13
43 29
58 75
68 75
78 79
16 29
10 87
75 8
58 88
69 60
17 49
10 25
10 33
77 13
2 60
1 39
5 60
47 12
61 65
42 33
63 40
85 34
16 20
93 59
88 0
88 9
46 22
81 56
20 27
36 48
89 66
6 7
53 38
93 71
58 43
80 54
2 32
93 33
31 30
92 36
69 58
88 59
90 59
33 76
70 85
50 44
37 41
33 85
25 58
81 40
14 26
4 87
81 29
31 25
82 21
27 33
77 32
94 52
12 93
21 82
35 42
46 80
4 72
80 19
41 22
63 9
75 53
76 22
17 9
19 15
74 69
36 78
42 12
16 45
89 32
43 70
32 68
21 91
20 11
56 44
8 21
4 59
57 39
15 41
27 73
48 6
42 0
16 52
33 65
38 5
66 25
82 88
20 86
17 93
85 79
13 31
84 35
37 46
22 63
57 90
21 4
82 93
70 83
17 64
60 30
10 7
65 48
92 1
41 1
5 93
48 43
93 88
88 33
20 48
84 33
50 68
52 93
35 80
40 32
83 23
18 19
13 9
13 50
23 51
65 84
46 37
10 48
3 47
85 46
51 36
30 33
91 90
83 77
53 8
36 44
38 5
60 37
7 14
11 29
41 3
90 79
86 49
28 62
18 42
69 24
7 25
35 41
84 87
60 21
3 29
16 91
20 1
45 94
78 25
68 91
0 38
91 13
76 27
9 22
5 23
20 65
26 75
10 23
36 68
66 16
17 42
70 62
6 14
51 5
57 5
82 84
83 60
67 71
58 9
89 44
22 34
0 20
33 78
22 44
10 41
34 85
92 75
76 22
72 48
88 87
32 9
83 87
70 54
69 17
17 75
57 36
69 81
11 22
19 62
69 25
84 21
37 41
33 59
48 47
52 24
78 67
47 1
6 19
59 41
67 61
32 72
92 34
74 1
82 57
40 10
80 92
21 33
73 66
4 58
90 84
89 3
49 55
55 72
27 26
34 86
41 90
59 20
55 26
50 59
79 6
54 52
72 90
18 70
24 57
76 79
82 79
59 39
16 44
85 39
1 89
20 17
34 91
52 58
45 19
74 24
90 71
83 11
24 52
30 34
43 88
39 38
88 76
80 74
12 48
18 26
49 33
72 71
80 94
43 67
29 91
27 92
65 54
11 72
21 60
55 88
37 78
76 45
58 47
13 42
93 48
38 39
11 30
70 73
83 80
39 4
94 32
19 48
7 56
7 10
63 49
92 58
79 12
53 27
85 93
25 40
81 9
44 40
20 32
20 17
9 88
81 45
89 72
87 71
5 31
11 7
61 22
60 62
23 30
7 26
71 87
10 40
89 45
87 63
47 37
51 44
66 4
33 17
2 67
86 61
57 92
25 43
23 71
4 45
27 28
61 89
41 15
88 75
45 41
49 14
74 17
83 71
84 26
66 75
23 54
15 37
69 88
8 52
48 25
5 66
91 81
49 72
37 11
9 3
36 67
50 45
71 51
31 24
75 40
61 57
25 59
89 22
89 51
82 53
82 65
1 62
20 80
40 7
19 45
72 38
71 45
10 13
78 57
33 13
72 57
71 72
83 40
25 6
39 26
36 62
76 66
51 73
51 12
9 92
35 22
2 84
54 20
58 87
53 14
84 2
84 85
42 82
51 82
41 70
47 46
13 54
1 41
52 2
67 33
57 38
36 48
31 10
85 65
37 60
16 79
2 50
55 75
55 82
63 21
18 29
1 18
43 41
56 65
25 35
48 12
55 93
89 7
19 4
39 33
45 1
69 52
35 52
29 39
0 66
83 93
1 24
36 3
53 57
2 67
87 41
0 71
41 7
76 29
41 0
27 78
32 55
90 86
80 82
50 46
89 47
1 91
13 83
32 13
6 76
40 6
1 81
25 0
0 33
71 85
0 70
60 80
47 26
60 67
22 76
65 31
30 19
67 34
12 23
2 57
63 55
43 12
55 38
93 49
6 47
66 38
50 64
31 33
88 12
41 36
50 17
67 45
79 42
19 74
25 76
8 34
72 86
70 43
11 60
72 36
5 69
20 49
42 51
33 57
25 79
4 33
16 74
11 81
42 15
58 78
14 23
40 1
27 55
58 23
71 52
24 37
61 7
16 86
49 38
67 19
37 82
22 66
15 21
37 7
50 44
0 60
79 71
27 59
39 60
15 66
23 43
78 45
15 94
22 28
88 12
67 58
67 4
92 58
40 21
17 56
35 75
59 15
62 33
13 40
10 70
6 21
69 64
59 43
42 10
77 19
9 43
77 56
82 93
7 40
60 51
35 1
58 85
89 81
44 36
76 86
92 0
24 9
71 6
27 67
94 62
70 28
73 92
68 54
66 42
31 76
11 70
86 68
56 5
8 12
72 60
10 52
25 44
70 48
38 85
74 86
94 58
33 92
91 59
22 61
51 78
85 66
73 76
10 5
72 0
55 43
77 14
25 40
58 27
39 29
31 9
44 40
58 46
67 44
67 33
94 68
16 84
53 22
69 53
36 50
18 70
34 8
71 8
0 84
3 30
73 5
75 0
60 14
82 5
39 69
79 58
25 47
70 2
55 18
74 7
13 92
85 68
11 1
77 13
23 56
13 79
68 92
51 72
14 78
84 47
59 24
48 37
31 38
11 39
34 41
86 42
67 33
37 72
58 8
0 81
83 56
21 11
26 84
70 18
41 71
43 28
27 22
66 90
57 4
68 75
36 30
53 25
85 7
32 3
15 31
64 52
50 8
14 90
14 35
29 39
66 40
69 64
18 90
39 49
1 61
83 21
16 32
9 82
23 25
16 89
67 94
70 17
87 39
40 66
43 60
23 41
83 55
46 19
0 14
67 79
51 80
69 26
24 48
90 45
6 91
60 71
78 72
67 12
77 90
68 88
54 87
15 22
40 56
8 29
30 33
6 1
40 74
66 43
18 50
59 88
71 64
19 37
18 56
77 32
2 19
73 2
24 30
86 29
1 52
17 21
61 70
83 56
52 22
2 24
94 85
15 85
93 76
21 20
56 37
29 76
21 42
12 9
18 78
14 5
66 91
43 34
0 39
30 64
88 11
12 71
45 64
75 35
67 70
26 94
40 17
89 52
75 68
63 5
39 32
6 87
74 9
66 70
84 41
82 10
43 49
29 75
37 81
61 28
40 2
17 64
12 37
70 66
27 2
52 51
57 12
64 81
60 1
55 24
78 13
32 54
37 20
37 22
85 63
79 3
55 63
77 92
15 13
29 24
69 23
38 2
57 72
63 65
40 3
35 19
21 61
55 60
93 20
70 59
30 2
70 81
13 70
7 93
61 44
28 7
20 36
77 89
43 66
32 27
91 2
67 80
43 15
13 11
13 44
62 82
37 60
0 78
66 17
68 94
18 34
87 61
94 38
35 53
12 14
66 54
27 43
61 1
80 65
32 24
62 76
31 12
77 75
48 77
88 73
7 63
4 28
29 57
23 29
2 74
57 75
56 16
72 31
43 66
25 4
3 54
65 20
66 57
39 89
8 76
77 50
51 16
10 83
69 36
9 70
48 55
47 45
43 27
27 2
9 93
68 6
22 78
61 13
45 59
85 1
28 88
86 13
59 28
43 35
37 13
47 52
86 26
16 61
5 84
81 83
65 31
23 27
46 68
93 6
82 46
75 69
8 14
31 73
77 53
80 31
66 89
33 75
52 93
40 81
51 87
86 32
14 52
91 18
93 78
16 75
20 45
79 93
57 5
91 86
15 83
59 2
50 36
77 68
38 2
17 0
76 86
76 68
86 85
10 39
74 49
21 83
89 52
22 37
56 45
37 12
87 42
12 55
40 41
12 16
82 25
79 31
30 65
63 37
6 20
82 19
27 91
18 89
16 74
92 74
93 45
36 27
93 9
58 7
1 26
48 91
18 44
67 75
94 67
58 19
33 65
35 89
22 88
35 18
42 75
61 26
38 85
93 29
12 31
94 53
90 1
37 89
43 27
79 0
56 82
10 92
59 30
94 27
7 49
59 81
67 13
78 12
12 3
30 49
30 79
63 91
9 82
54 45
71 82
42 54
27 56
31 61
25 45
37 43
52 33
42 94
71 80
18 19
14 1
54 38
63 6
55 40
22 15
47 4
8 68
0 49
18 68
84 27
41 85
18 89
5 34
74 49
91 25
43 16
63 49
21 91
56 77
18 17
52 17
91 65
55 35
59 32
52 91
85 91
48 84
36 40
11 9
81 41
15 80
37 16
70 94
18 23
26 88
55 46
17 91
29 55
14 22
9 77
58 86
46 64
77 89
63 26
48 39
90 18
42 56
42 9
94 4
86 43
3 43
72 66
32 41
88 51
18 47
52 4
46 3
81 87
82 36
66 24
9 66
31 60
82 33
49 37
67 86
73 31
69 62
19 45
40 85
6 80
84 43
60 27
27 92
11 16
13 83
2 67
34 61
49 2
67 38
94 90
32 94
55 90
44 83
79 31
9 32
49 46
35 6
82 44
61 36
40 61
65 73
53 48
61 54
92 19
90 29
49 10
68 34
59 11
31 84
64 35
16 50
79 30
10 47
64 24
78 38
46 87
5 30
20 25
61 93
72 23
67 29
18 12
19 7
46 29
48 11
72 39
1 82
94 43
45 84
50 91
19 18
11 77
19 93
22 38
51 12
33 1
72 68
29 46
41 65
91 45
28 34
12 59
92 8
38 69
16 48
25 17
41 63
45 81
30 64
58 93
20 54
74 4
42 81
84 23
61 12
66 40
42 19
40 8
50 29
16 25
66 16
84 42
56 18
54 59
20 28
89 61
60 9
46 75
25 27
49 69
53 31
26 3
9 54
78 57
59 24
20 65
67 40
41 74
73 88
87 27
47 59
32 93
78 31
33 69
88 4
22 17
66 41
62 86
20 35
54 3
89 64
2 26
0 84
4 50
0 87
3 67
84 60
84 80
39 69
64 94
34 53
21 77
23 42
64 66
59 43
82 67
22 67
83 12
93 62
58 20
67 53
49 42
74 33
45 56
29 36
12 51
67 17
77 24
79 59
35 92
41 92
67 91
72 11
48 54
48 20
41 39
55 45
5 8
80 11
40 85
27 40
86 71
47 10
12 35
33 41
0 85
6 42
22 42
94 32
67 5
30 28
2 39
10 63
13 20
57 73
54 59
93 26
9 72
50 32
53 86
27 62
88 70
77 90
40 30
87 26
88 84
9 19
4 41
85 68
94 46
93 64
52 51
27 74
90 80
60 31
20 63
30 19
14 48
63 79
91 26
4 89
44 23
53 70
70 72
56 44
63 34
29 46
73 88
2 67
73 52
31 24
76 53
70 3
76 0
62 35
34 2
66 9
71 93
19 9
30 33
60 77
61 47
87 43
48 56
90 82
55 10
85 16
22 56
94 39
62 51
29 85
25 9
21 65
57 67
45 78
52 22
49 56
49 90
28 86
36 10
34 40
79 88
72 34
26 14
74 3
35 21
18 26
32 54
28 82
56 91
61 78
19 0
2 10
8 67
66 79
39 92
83 11
9 12
8 50
17 28
18 16
60 85
24 5
52 69
78 94
38 30
65 68
82 78
76 31
71 80
9 61
28 74
18 5
92 44
79 43
18 70
59 93
31 61
87 90
9 56
38 9
9 39
89 35
94 4
14 17
78 13
78 40
48 54
75 21
62 93
82 43
64 71
50 30
68 4
39 25
13 64
45 2
80 48
65 8
13 26
28 10
47 86
12 36
62 45
0 89
17 51
80 12
17 50
52 45
63 68
15 74
42 4
69 75
37 63
34 69
15 79
70 32
6 25
69 35
45 71
70 18
87 40
36 33
4 5
72 93
56 54
17 58
1 49
20 19
16 62
79 71
49 75
60 78
40 73
82 36
3 36
93 50
53 29
52 60
43 24
51 17
12 40
10 72
26 59
62 1
31 65
32 24
33 66
12 82
82 73
58 21
66 74
65 34
55 49
1 51
73 3
66 13
42 9
4 88
67 81
81 84
43 37
67 35
41 35
12 70
33 61
59 23
70 12
42 59
33 9
64 41
89 44
42 66
58 25
93 65
94 60
71 72
31 16
37 22
1 89
11 25
16 24
91 2
7 84
84 76
50 62
22 78
79 55
55 50
0 74
94 44
79 87
54 48
94 25
79 57
27 37
91 13
16 30
47 66
58 81
56 36
28 55
67 46
69 90
48 31
28 20
1 77
37 76
70 81
45 42
32 1
2 15
61 64
54 0
44 87
33 0
59 41
36 7
87 91
12 48
68 26
36 89
90 35
67 35
21 34
17 43
67 33
88 51
13 6
20 63
3 70
73 61
6 34
82 68
36 56
91 14
33 53
94 9
71 76
77 12
88 93
8 16
78 64
25 31
68 4
56 27
25 33
52 58
79 76
19 88
30 19
21 57
89 26
32 55
87 68
33 81
14 62
68 14
28 62
47 68
80 16
38 32
30 69
94 43
88 62
26 81
18 22
62 77
5 63
89 49
3 40
4 61
22 28
43 79
87 0
50 25
60 35
33 41
59 9
42 36
56 93
3 48
9 15
93 26
86 38
35 58
57 7
74 41
75 74
57 84
88 68
31 3
68 0
11 72
18 26
70 17
8 49
58 50
51 76
50 33
85 37
74 13
68 79
74 16
92 63
68 11
32 13
53 35
59 23
36 12
33 20
79 11
48 34
6 54
22 9
45 70
23 84
70 67
17 85
93 37
94 3
35 60
19 5
9 5
61 38
9 76
19 33
21 51
13 49
13 3
9 64
19 22
64 29
38 75
49 75
88 40
76 21
9 3
74 13
15 12
26 47
29 80
37 63
94 16
64 71
10 66
70 68
41 86
81 42
65 1
3 2
82 27
65 77
52 13
89 0
26 11
82 50
43 55
80 78
55 1
64 51
32 82
69 56
66 5
76 40
38 62
38 8
82 63
36 78
7 49
54 93
53 0
16 74
90 20
5 6
51 94
93 59
43 86
10 36
33 1
63 29
48 20
4 26
82 8
24 93
20 12
1 8
88 5
61 41
50 75
4 42
67 83
10 45
78 92
81 34
53 72
34 22
6 85
72 27
83 36
18 82
23 29
87 2
84 11
60 52
16 53
78 3
61 71
50 13
65 36
62 58
69 33
46 50
45 71
62 81
3 13
18 4
66 22
90 46
68 6
27 69
83 55
31 83
26 15
56 80
24 81
70 27
6 19
18 6
31 33
72 18
44 87
58 79
23 92
23 16
23 46
26 91
44 25
36 9
18 73
26 76
77 29
55 14
25 64
70 65
35 28
52 14
37 77
50 39
14 30
75 29
37 81
69 26
53 73
71 86
8 51
93 42
75 66
38 59
48 55
39 18
47 63
59 35
43 52
30 77
73 29
72 49
