1
60 153
000000000000000001000000000000000000000001000000010000000100
000001000011001000000001100000001000010100000000000010000000
000000000000000000100101001010110000101000000000100000010000
000000010000100100001000000001000100000000000011000001001001
000001000000000000100001100000000010000000010000000010000000
010010000010001000100001100000000010000100010000000010000000
000000000000000010001000000000000000000000000011000100000000
000100001000110110001000000001000000000000000011000100001000
000000010000010000000100000000000000000000000100000010000000
000000000001000000000000000000000000010010000000000000000000
010001000001001000000001100000001000010100000000000000000000
010000000110001000000000000000001000010110000000000000000000
000100010000010110001000000001000100000000000011000101001001
000000011000100010001000000000000000000000000001000100000000
010001000011000000000001100000001000010100000000000000000000
000100010000100000001010000001000100000000000011000001001001
000000110000110000001000000000000000000000000011000100000000
100000000000000000000000000000000000000000000000000000000100
001011000000000000000101101000010010100000010000000000000000
000000000000000000000010010000000000000000100000000000100000
000100110000110110000000000001000100000000000011000101001000
001000001000000000100001001000010000001000010100100010010010
000000000000000100010000010000000000000000000000000001000000
011011000010001000100100100000000010000100010000000010000000
010011000010001000100001000000000010000100010000000010000000
000000000000000000010010000000000000000000100010000000100000
001000000000000000100100000010110001101001000000100000010000
000000000000000000000000000000000000001001000100010000000110
001000000000000000000000001000110001001001000000110000010000
000100010000100100001000000000000100000000000011000001001001
001000000000000000000000001010010001101000000000100000010000
001000000000000000100100001010100001101000000000100000010000
010000000011001000000000000000000000010100000000000000000000
000100000000100100001000000001000000000000000000000001001001
000011000000000000100001100000000000000000010000000000000000
000000000000000000000000001010110000100000000000100000010000
001000000000000000100000001000110001000000000000100000010000
010000000111001000000000000000001000000100000000000000000000
001000000000000000000100001110110000000001000100110000010110
010001000011001000000001100000001000010000000000000010000000
000000000101000000000000000000000000000000000000000000000000
100000000000000000000000001110000000001000000100110000010110
000000000000000000010000010000000000000000000000001000100000
000011000000000000100101100000000010000000000000000010000000
000000000000000000000000000000000000000000000000001000000000
000000001000000000000100000100000000001001000000100000000010
000100110000100110001000010001000000000000000001000100001000
000100110000110110001000000001000000000000000010000101001000
001000000000000000000100001010110001101001000100010000010010
100000000000000000000000000110000000001001000000100000010110
000000000000000000000000000000000000000000101000000000100000
000000110000110010001000000000000000000000000011000000000000
010011001000000000000101100000000000000100010000000000000000
000100000000100100001010000001000100000000000001000000001001
000000000000000000010000010000000000000000100000001000000000
001000000000000000000100001010110001101001000000110000000000
000100010000100100001000000001000100000000000011000001000001
100000000000000001000000000100000000001001000000010000000000
000000000000000000000100000100000000001001000100110000000000
000100000000100100000000000001000100000000000000000001001000
15 10
49 55
26 58
26 7
6 48
25 6
58 33
59 27
37 42
46 2
38 44
27 18
1 42
15 57
48 10
30 11
17 49
42 29
0 32
50 51
38 50
21 27
51 43
1 55
15 7
1 21
26 20
30 19
38 17
22 57
24 10
4 2
1 33
27 13
37 14
3 7
23 28
1 59
13 8
47 1
26 34
44 45
22 31
52 10
19 54
24 26
8 24
25 13
45 58
27 5
8 38
7 37
36 25
48 14
12 34
55 54
55 26
0 24
23 43
47 38
47 56
11 15
2 5
21 50
12 52
52 11
9 29
1 7
55 53
45 50
32 35
16 6
42 26
24 56
25 1
28 50
16 10
22 40
15 27
36 15
7 26
51 2
55 13
15 54
57 34
49 46
22 30
45 12
3 1
57 11
50 13
42 45
19 28
15 4
59 9
23 30
56 54
43 5
5 4
42 30
40 41
36 29
42 34
46 45
17 40
18 28
57 17
54 16
44 38
9 47
6 42
58 45
40 34
11 42
4 25
26 57
29 58
55 36
8 38
41 58
15 58
54 13
38 33
35 37
30 32
13 39
8 33
19 0
33 11
12 7
2 17
14 2
16 52
14 1
0 39
53 40
31 36
6 59
38 25
59 28
25 28
51 32
52 49
14 7
37 15
32 22
36 13
34 17
0 40
41 38
38 34
38 35
37 55
