84 1314
000000000000100100000000000100000000000001000000000000000000000000001000001000101100
000000000000000000000000100000000000000000000000000000000000000000001001000001000100
000100000000000000101000000000000000001000001001000000000000001000000000000000000000
001000000000000000101000100000000000001000001000001000000000001000000000000000000000
000000100100000010000000010001000000000000000010000000000000000000000000010000000011
000000000000000000000000000000001000000000000000001000000000000100000001000000000000
000010000000000000000000010001000000000000000000000100000000000000000000000000000000
000000000000000000000001001000110000100001000000000000000001000000000000001001000000
000000000000000000000100000000000010000000000000000000000010100000000000000000000000
000010000000000000000001010000010000100000010000000000001100000001000000000000000010
000000000000000001000000000000000000000000000010000011000000000000000000000000000001
000000000000000000000010000000000000000000100000010000000000010000000100000000000000
100000000000000100000000000000000000000100000000000000000100000000000010000000001000
000000000000001000000010000010000000000000000000010000000010110000000000100000000000
000000000000010000000000000010000000000000000000000000000010100000000000100000000000
100000000000100000000000000000000000000000000000000000000000000000000010000000001000
000010000000000000000000000001000000000000010010000010000000000001100000000000000011
000000000010000000000000000001000000000000000010000001000000000000000000010000000001
001100000000000000001000100000000000000000001000001000000000001000000000000000000000
000000000000000000000000000000001001000000000000000000010000000010000000000000000000
001100000000000000100000000000000000001000001001001000000000001000000000000000000000
000000001000000000000000101000000000000000000000000000000001000000000000000000000000
000000000001010000000000000000000000000000100000010000000000010000000100000000010000
000000010100000000000000000000110000100000010000000000001000000001000000000000000000
010100000000000000100100000000000000000000000000001000000001000000000001000001000000
000010100100000000000000000000000000000000000000000100000000000000000000000010000000
000000010000000000000100000000100000000000000000000000000001000000000000000001000000
100000000000000000000000000000000000000001000000000000000100000000001000001000001100
000000000000011000000000000000000000000000000000000000000010110000000000100000000000
000010100000000011000000000000000000000000000010000000000000000000000000010000000011
000000010000000000000001001000010000100000010000000000000001000001000000000001000000
000000010100000000000001000000100000100001010000000000001100000001000000001000000000
000001000000000000010000000000000000000000000000000000000000000110000001000000000000
000000000000000000000000000000000000000000000000000000000000000000010000000000000000
000000001000000000000000000000000000000000000000100000000000101000000000100100000000
000000000000000000010000000000000000010000000000000000010000000000000000000000100100
000000010100000000000001000000110000000001010000000000001100000001000000001000000000
000000000000000000000000000000000001000000000000000000000000000000000000000000000000
001100000000000000001000000000000000000000001001000000000000001000000000000100000000
000000000000100000000000000000000000000000000000000000101100000000000000000010001000
000000000000000000000000000000000000000000000100000000000000000000000010000000000000
100000010000000000000000000100010000100000000000000000001100000000000000001001001000
000000000001000000000010000000000000000000000000010000000000010000100100000000010000
000000000100000010000001000000110000100000000000000000000000000001100000000000000010
001100000000000000101000000000000000001000000001001000000000001000000000000000000000
000000000000000000000000000000000000000010000000000000000000000000000010000000000000
000010000010000011000000000001000000000000000000000011000000000000000000010000000001
001000000000000000001000000000000000001000001000000000000000000000000000000000000000
000000000000000000000000000000000010000000000000000000000000101000000000000100000000
000000000001010000000010000000000000000000100000000000000000010000000100000000000000
000101000000000000101000100000000000000000001000000000000000000000000001000000000000
000000100000000000000000010000000000000000000000000000100000000000000000000010000000
000000000010000010000000000000000000000000000010000001000000000000100000000000010011
000000000010000001000000000000000000000000000010000010000000000000000000000000000001
000000000000000000000000000000000000000100000000000100000000000000000000000010000000
000000000000000000010000000000000001000000000000000000000000000010001000000000000100
000000000100000000000001000000010000100101000000000000000100000000000000001000001000
000000000100100000000000000100010000100101000000000000001000000000000000001000001000
000000001000011000000000000010000000000000000000000000000000110000000000100000000000
000000010000000000000100101000100000000000000000000000000000000000000000000001000000
000000001000011000000000000010000010000000000000100000000010000000000000100000000000
000000000001010000000010000010000000000000100000010000000010000000000100100000000000
001100000000000000101000000000000010001000001000100000000000000000000000000100000000
000001000000000000000000000000001000000000000000000000000000000000000001000000000000
000000000000000000010000000000001000000000000000000000010000000000000000000000000000
000000000100000010000001000000110000100000010000000000000000000000100000000000000010
000000000000000010000000000000000000000000110000000010000000000001000000000000010010
000000000000000000000000000000000100000000000000000000000000000000000000000000100000
110000000000000000000000000100000000000000000000000000010000000000000000000000100100
000000000001000000000010000000000000000000100000010000000000010000000000000000010000
000000000000100100000000000000000000000010000100000000000000000000000000000000000000
010001000000000000000000100000001000000000000000001000000000000100000000000000000000
000000000000011000000000000010000010000000000000000000000010110000000000000000000000
000010000000000001000000000001000000000000000010000000000000000000000000000000000001
100000010000000000000000000100010000100001000000000000001100000000000000000001001000
000000000000000000000000000000000010001000000000100000000000001000000000000000000000
000000000000000000000000010000000000000100000000000100100000000000000000000000000000
010000010000000000000000101000100000000001000000000000000001000000000000001000000000
100000000000000000000000000000000001000000000000000000000000000000011000000000000100
000000000000000000000010000000000000000000100000000010000000000000100100000000000000
100000000000100100000000000100000000000101000000000000001100000000000000001000000000
110000000000000000000000000100000001000000000000000000010000000000001000000000100000
000010000100000010000000000001000000000000010000000010000000000001100000000000000000
000010000010000011000000000001000000000000000010000011000000000000000000010000000000
55 53
60 39
64 15
81 83
62 66
40 16
60 5
45 1
3 21
70 69
19 26
47 78
2 8
17 32
17 19
75 55
26 5
83 75
26 47
3 75
72 48
29 65
32 75
62 24
34 44
63 79
50 0
18 66
30 48
54 72
27 26
19 67
76 45
34 41
6 29
25 21
42 43
75 27
78 28
11 20
0 61
7 12
50 37
13 70
42 71
5 46
59 68
28 47
59 47
36 18
51 48
58 36
47 40
3 45
55 48
68 16
34 38
68 47
75 37
36 38
28 35
31 6
15 70
71 41
65 14
26 44
72 66
52 25
19 10
71 79
38 77
20 3
8 26
75 12
42 79
46 3
76 2
23 62
28 11
0 39
16 7
72 41
71 65
70 43
37 8
60 28
34 78
33 67
41 57
38 10
73 17
49 23
68 47
45 81
41 24
18 53
23 57
2 64
4 10
25 77
11 41
50 12
83 63
32 50
74 32
12 76
68 79
12 41
40 31
70 9
66 39
18 2
55 71
72 11
23 33
30 12
82 38
26 36
65 41
14 0
43 37
59 47
12 43
63 26
16 77
52 13
68 28
67 20
13 49
49 3
25 57
2 54
4 18
45 78
22 74
69 37
63 61
80 33
47 56
20 39
60 18
62 9
63 1
66 56
36 82
3 8
36 56
2 26
29 25
42 57
76 40
44 34
73 5
43 69
65 29
78 39
10 61
50 64
2 51
40 35
20 47
43 73
60 39
27 78
53 47
56 74
4 43
71 73
19 5
12 50
48 5
83 8
20 51
73 11
73 74
41 25
17 77
65 74
24 72
7 81
53 56
30 53
60 45
36 3
62 46
30 38
74 22
16 34
26 41
71 34
73 59
22 29
30 46
69 65
56 75
43 46
23 52
74 42
44 60
62 44
40 46
29 38
49 15
26 43
75 81
34 80
51 27
49 21
81 44
38 51
74 81
18 4
60 65
63 52
68 15
69 45
62 16
4 24
34 45
40 57
58 52
56 63
53 19
80 10
12 79
71 45
19 27
58 62
36 74
7 49
59 80
48 55
10 0
15 28
61 37
5 70
44 19
81 24
26 48
75 47
48 9
15 59
19 21
83 9
66 50
83 45
53 23
32 43
65 23
44 23
49 64
65 79
68 34
4 49
83 6
28 82
55 13
5 28
25 55
58 17
20 63
81 1
54 36
8 27
33 56
6 56
81 19
45 65
44 21
78 64
13 40
27 65
77 53
4 19
16 73
26 54
14 38
5 9
36 76
66 80
43 7
22 78
34 54
65 41
83 79
6 27
53 45
79 61
83 61
18 55
47 66
18 80
47 61
69 21
80 1
3 14
9 78
82 45
6 63
60 52
13 54
38 57
77 74
54 41
9 36
47 75
82 8
50 5
5 7
54 1
75 2
17 2
30 71
42 74
13 77
50 17
10 73
57 6
40 56
20 41
76 3
80 33
64 72
35 82
57 33
45 15
12 34
42 75
48 21
5 76
52 8
9 60
72 17
17 47
80 63
65 54
60 19
20 65
52 53
19 82
18 66
29 67
1 77
12 33
70 54
61 49
16 66
54 53
12 81
31 15
50 44
28 27
17 4
46 78
28 56
56 48
21 61
58 77
80 12
27 49
11 82
72 3
70 58
17 59
72 21
24 54
13 9
80 81
70 3
83 75
78 80
34 43
45 48
63 81
10 72
61 76
79 0
27 58
26 22
72 63
68 1
70 47
61 74
70 40
41 19
4 70
20 76
30 4
42 82
34 30
68 30
57 30
76 60
53 6
81 77
44 2
3 55
21 28
50 23
21 1
13 21
29 4
68 36
77 35
38 54
5 20
22 67
65 18
13 9
34 20
76 70
20 46
4 55
37 30
39 7
78 37
15 40
50 8
53 9
54 21
14 23
68 59
21 67
55 23
29 7
71 41
55 66
83 9
46 68
76 81
13 7
12 13
62 12
43 2
47 20
74 63
30 48
46 20
17 62
48 81
45 79
29 31
82 2
48 54
70 32
68 4
37 28
15 55
8 42
26 74
0 17
5 29
78 26
78 31
39 55
40 77
11 49
2 8
79 43
63 73
19 26
68 6
70 50
76 73
50 17
4 45
78 22
66 65
20 22
12 47
48 28
51 33
56 10
32 2
27 81
20 66
27 50
31 4
72 82
49 22
72 8
70 45
42 23
32 20
34 14
32 56
46 72
31 20
75 57
67 6
55 66
6 64
44 28
57 73
60 19
20 69
46 18
82 64
20 18
51 12
39 72
2 58
58 17
22 71
37 23
7 68
0 1
71 12
3 62
60 50
70 56
64 25
10 73
47 66
50 18
50 46
66 38
26 70
13 71
12 52
64 0
68 35
38 29
0 82
51 45
79 71
82 76
21 67
7 48
36 3
8 80
0 35
11 81
1 76
65 7
71 29
57 42
61 71
15 37
38 45
72 50
53 8
79 7
67 68
83 44
57 83
15 1
69 46
32 45
52 25
37 8
26 56
19 37
33 25
50 56
16 68
73 82
23 67
28 64
79 42
47 17
46 27
37 59
28 83
15 24
61 24
54 9
36 64
20 15
39 47
67 5
25 48
55 70
32 37
29 16
47 62
15 2
17 57
63 19
3 53
23 51
22 79
23 32
20 17
7 35
28 83
45 76
30 50
47 61
45 17
25 75
16 28
7 17
31 12
51 75
28 46
83 40
74 44
56 81
56 16
52 37
24 36
52 23
71 61
42 72
16 34
23 81
26 28
63 61
47 4
28 48
81 72
2 75
79 29
37 22
53 70
29 5
42 74
57 65
74 14
82 0
26 2
19 20
74 76
18 34
32 50
26 19
65 72
8 20
68 14
63 74
75 43
74 16
9 77
73 55
34 80
75 4
18 64
61 64
61 26
70 73
16 78
16 47
82 65
10 11
5 23
41 71
37 34
28 72
61 22
14 35
60 18
68 71
6 60
79 70
46 39
4 37
22 20
73 10
40 58
81 78
27 8
66 4
27 36
78 13
81 21
15 13
47 56
11 39
2 81
80 24
72 42
2 71
22 50
80 2
17 65
68 53
62 58
51 59
66 34
74 21
44 60
33 13
19 45
36 0
11 6
82 75
37 11
56 55
56 54
38 1
33 40
3 48
10 67
66 59
83 5
81 24
51 30
76 1
82 30
76 32
53 52
65 2
50 12
78 81
4 69
31 80
22 70
53 83
76 79
68 56
13 28
52 83
66 25
5 67
68 24
16 24
74 2
59 58
66 82
56 4
20 54
62 24
65 27
81 57
66 79
81 74
7 27
70 63
17 82
55 14
1 16
29 36
38 12
63 26
31 32
24 29
52 66
6 79
12 80
41 80
19 16
67 50
18 43
30 4
38 30
10 32
4 16
63 62
45 47
27 13
58 76
44 28
43 23
3 53
14 30
45 42
58 19
20 23
58 21
18 21
53 21
2 79
69 29
11 13
60 11
76 37
73 83
71 1
55 45
65 57
35 74
75 80
43 16
15 57
38 80
25 43
26 49
2 39
25 39
3 27
56 2
61 9
83 56
45 76
12 43
82 45
18 9
22 65
40 10
20 39
19 67
65 67
43 78
1 18
47 1
64 29
15 31
45 22
34 60
26 80
46 2
43 68
25 17
74 38
17 27
77 29
72 68
69 12
59 78
39 62
14 9
45 60
57 4
63 61
74 32
43 50
46 60
41 50
62 83
45 82
23 33
28 34
7 71
44 67
36 38
17 11
12 17
54 9
38 27
40 20
48 75
51 66
6 78
59 41
11 33
4 70
63 38
35 15
46 51
30 71
26 6
41 44
58 76
13 77
41 29
66 37
79 11
65 27
61 81
62 13
52 32
66 26
79 13
40 77
47 54
79 46
0 75
31 22
35 63
56 65
24 6
25 7
46 15
78 46
46 34
78 10
8 7
67 28
59 36
18 32
0 7
33 55
59 8
43 31
8 0
28 29
17 31
57 28
66 51
17 70
8 24
5 48
16 71
15 59
37 72
77 71
5 60
83 78
29 32
23 44
21 41
8 63
14 24
1 77
10 15
46 63
21 31
11 38
25 10
80 6
56 36
0 70
70 50
32 62
26 38
20 37
32 41
81 47
32 40
24 20
59 17
46 77
28 20
42 3
17 22
28 17
51 59
46 65
11 78
37 7
79 58
13 5
38 83
49 69
3 69
26 70
79 14
5 32
21 64
22 56
11 58
31 76
62 80
50 78
21 53
37 25
0 30
32 79
0 67
77 72
49 34
42 32
76 5
14 40
76 53
38 6
83 79
1 59
34 10
5 50
78 76
15 53
44 29
74 38
18 13
4 22
54 57
60 12
63 68
7 0
5 39
59 79
29 1
60 70
50 15
70 27
67 13
69 16
83 40
77 39
78 10
34 19
9 3
76 36
10 46
51 40
73 45
79 31
61 37
80 82
11 22
71 33
13 73
50 35
9 73
50 65
82 14
81 20
0 62
44 25
13 72
76 8
41 82
59 23
29 4
67 76
28 45
52 79
5 36
65 20
51 3
74 9
65 28
82 1
24 23
28 3
26 24
73 4
23 12
72 14
46 58
68 11
70 17
25 66
83 82
38 8
7 12
3 57
34 51
70 28
41 80
40 8
33 80
13 46
56 13
16 31
49 40
29 79
78 45
81 79
35 24
27 48
47 54
59 83
11 68
37 16
28 30
74 24
62 23
6 0
81 27
18 39
48 77
2 28
77 37
69 37
14 73
1 63
74 1
56 6
30 74
17 10
7 1
76 38
52 5
28 65
49 41
70 12
50 79
26 51
62 24
23 42
69 56
39 26
11 28
75 40
20 49
48 71
52 6
81 73
23 2
26 22
24 73
46 36
3 68
77 76
69 70
66 81
29 56
83 52
60 49
8 69
80 73
31 6
78 10
19 12
42 71
4 57
39 71
58 76
39 37
56 26
64 70
21 8
46 27
16 30
5 54
81 56
69 34
31 20
35 80
69 28
53 1
70 83
59 72
21 51
48 56
51 40
83 35
49 45
59 78
26 14
59 2
29 4
17 25
70 69
6 42
0 74
34 29
75 67
52 57
80 8
59 4
48 82
69 83
67 23
79 55
26 28
82 59
58 46
62 61
57 61
39 6
52 11
34 70
40 20
2 25
22 77
62 46
8 69
18 77
8 57
73 66
67 59
13 17
30 23
32 26
19 43
36 18
36 74
52 60
73 5
7 83
5 41
41 19
55 36
83 61
49 26
3 47
53 8
60 10
21 8
56 67
45 2
58 24
68 70
28 70
39 10
14 26
48 6
68 28
75 59
27 76
63 29
68 65
18 71
27 56
34 27
68 62
19 7
5 35
31 40
57 14
33 78
53 1
37 13
80 37
0 78
41 62
34 77
29 58
18 40
40 83
81 41
76 70
53 59
1 27
37 2
11 80
47 11
5 81
61 63
22 38
0 75
76 32
68 73
28 10
65 82
21 51
47 27
21 14
20 31
32 61
30 8
34 37
43 74
13 26
8 64
4 67
49 16
81 61
71 63
67 43
25 57
8 82
18 83
21 13
54 49
15 52
50 49
25 48
37 28
40 58
35 48
10 70
12 63
1 44
31 39
42 1
50 69
43 82
27 12
66 36
17 13
53 56
15 11
5 58
73 16
19 67
14 64
5 68
5 23
16 73
39 33
71 47
2 6
33 44
25 53
43 77
7 71
21 79
65 31
67 68
46 30
21 11
20 42
69 22
58 35
60 17
18 27
0 38
47 73
51 47
39 44
43 39
82 62
21 64
35 78
28 78
63 36
10 35
29 68
33 6
16 2
78 61
51 69
83 39
71 83
50 53
41 77
24 70
33 53
26 13
39 57
15 49
22 62
19 82
45 61
28 78
74 54
25 17
74 4
7 15
64 59
53 21
68 32
52 39
41 37
30 8
66 82
44 62
19 64
12 22
